21 17 34
7 27 74 23 16 13 78 5 80 19 17 40 73 24 29 28 23
89 26 10 19 16 26 3 9 9 62 7 18 98 11 31 9 20
12 34 23 93 10 35 24 3 65 1 17 13 4 26 24 13 14
15 68 30 1 12 29 10 20 4 16 23 7 3 60 23 3 88
56 20 32 16 40 53 23 15 5 4 37 25 37 25 31 15 52
9 28 38 5 8 22 32 2 10 26 22 30 24 26 5 3 18
8 30 47 11 1 7 11 74 63 63 4 2 12 21 2 4 4
3 45 22 2 19 24 20 22 10 59 29 20 30 5 64 88 25
1 23 61 47 7 38 20 7 36 1 23 65 21 29 5 16 60
11 9 15 36 46 26 1 55 21 2 4 9 76 54 4 7 51
7 3 3 36 2 18 3 25 28 18 29 12 65 87 9 14 20
5 26 35 2 14 4 14 17 11 22 37 4 9 24 40 21 24
19 17 27 58 37 30 16 16 12 4 7 57 70 9 15 9 7
8 1 30 4 4 1 16 39 29 43 58 12 4 39 78 27 31
19 21 22 38 23 8 20 1 24 1 7 18 61 25 62 17 63
12 1 66 14 28 54 27 3 26 17 4 22 8 2 82 21 30
13 3 20 6 21 46 13 28 32 24 16 4 11 34 16 22 32
1 29 30 6 27 23 66 23 17 38 36 7 25 20 24 34 11
30 16 32 72 88 29 15 89 25 2 1 25 30 27 20 17 57
5 79 12 14 4 2 86 30 16 84 2 4 27 40 15 15 38
18 16 10 21 11 30 4 90 70 36 34 29 11 23 16 21 31
17 37 17 17 82 14 30 7 79 33 24 12 29 1 30 43 1
29 5 62 13 17 29 14 9 21 2 24 12 35 1 25 30 39
61 70 26 17 87 42 6 18 5 42 99 16 13 19 28 7 87
15 24 6 4 14 8 4 29 29 16 4 23 66 12 15 25 24
9 5 7 93 26 5 10 15 10 11 1 31 23 6 4 16 20
26 52 15 9 25 24 4 28 42 29 3 2 12 25 10 18 34
29 2 4 3 26 9 17 23 36 12 13 4 13 5 5 30 20
28 20 7 25 36 17 70 17 5 2 12 27 64 39 4 15 36
44 13 25 26 26 55 24 86 6 30 6 79 63 11 25 40 21
9 16 86 25 5 12 53 11 5 1 4 30 29 89 50 29 8
23 8 44 15 31 90 20 5 46 32 25 81 10 51 17 6 5
18 38 22 21 4 75 37 9 7 16 10 10 12 5 2 90 5
80 57 22 45 51 19 39 9 30 20 7 29 6 29 10 30 24
23 29 44 30 24 94 9 15 10 10 9 19 30 8 11 19 31
12 14 18 29 25 30 28 26 9 14 7 33 23 44 8 71 8
17 19 2 8 14 4 16 12 40 18 53 46 28 13 38 13 13
3 29 1 11 56 17 25 30 15 5 13 10 79 85 58 65 4
20 17 15 76 24 30 5 11 76 12 24 75 23 45 78 36 9
4 10 28 64 34 28 26 19 38 54 9 13 92 53 1 9 2
29 25 8 24 14 2 79 20 16 37 23 44 15 29 26 42 26
13 17 8 23 19 23 19 1 6 14 57 29 31 29 20 6 16
16 9 21 29 14 37 10 14 87 13 19 29 9 15 13 7 2
57 24 2 12 27 19 85 17 11 26 12 73 15 24 35 17 19
20 13 14 14 14 34 8 7 88 10 27 17 90 24 28 44 88
64 46 2 76 17 9 40 22 57 12 1 27 75 75 20 13 5
17 12 6 2 1 8 11 14 16 16 10 81 10 34 44 12 32
82 12 22 20 17 10 21 19 3 24 7 12 22 6 37 57 35
25 7 3 17 7 18 31 18 17 16 3 18 6 5 77 3 23
69 12 2 10 11 17 68 11 17 15 18 22 17 70 2 79 26
19 3 22 8 19 33 27 40 18 38 54 28 21 50 17 11 35
12 15 21 26 89 5 11 15 4 25 21 8 39 18 32 6 7
9 88 8 11 4 78 16 24 39 21 63 61 68 79 28 18 34
36 5 1 11 56 6 1 13 2 30 3 32 27 10 9 45 23
69 26 8 16 3 2 4 22 13 17 18 13 11 38 24 15 67
9 60 4 1 55 1 17 17 22 10 66 3 10 5 13 16 3
23 9 3 77 27 21 7 5 49 22 19 29 2 24 11 14 23
27 22 10 20 27 3 50 22 11 11 83 9 26 27 12 72 22
19 13 31 8 13 6 37 2 2 2 74 50 9 20 26 76 5
21 21 46 16 16 21 17 38 17 11 5 39 5 13 14 26 20
6 15 45 8 19 50 9 20 25 8 13 77 14 29 51 29 20
26 4 27 26 18 3 4 31 45 17 1 2 15 19 2 24 5
29 97 59 8 5 19 82 29 18 34 16 20 16 33 25 21 8
24 3 13 2 30 27 4 19 20 80 82 61 92 20 40 11 16
3 29 25 16 10 39 17 13 5 26 16 16 7 21 17 16 11
22 29 21 27 49 35 29 17 44 13 36 78 34 47 7 2 21
3 12 33 13 6 21 23 21 87 1 65 84 15 11 16 1 69
42 29 19 1 29 6 6 43 31 88 25 17 19 70 11 17 16
28 9 14 20 23 27 18 14 11 24 46 32 37 22 20 27 54
77 12 1 10 4 11 4 78 17 5 38 6 20 6 24 36 25
40 33 33 32 74 3 20 13 1 9 67 4 15 16 2 11 12
33 18 6 12 22 34 19 25 1 6 14 21 5 7 88 11 33
35 1 6 35 12 26 13 24 23 8 3 24 24 29 22 1 29
24 35 3 28 10 24 62 12 4 22 10 24 12 4 25 6 25
10 29 21 47 27 40 9 16 33 2 26 7 2 33 37 5 18
34 25 9 9 15 19 41 4 83 5 28 27 88 7 62 24 7
9 39 64 21 38 40 21 1 7 20 10 27 7 28 15 19 21
24 46 20 6 6 9 28 14 34 69 30 7 1 32 11 23 55
6 12 12 14 24 23 3 30 20 16 10 18 31 6 22 16 10
13 7 79 8 24 78 26 24 25 10 20 13 54 13 3 21 14
3 11 23 74 76 9 2 6 13 15 4 25 24 9 21 36 25
11 5 99 55 19 11 17 7 19 23 60 20 7 64 12 29 13
24 14 2 19 12 12 2 73 7 30 4 38 3 11 13 93 12
7 34 18 16 18 14 22 28 65 79 29 34 21 22 63 22 18
37 33 15 14 23 12 30 7 8 66 9 17 29 22 3 16 19
33 8 9 15 23 30 31 25 17 30 54 10 1 33 64 8 16
16 72 33 22 27 7 45 6 3 22 39 8 17 17 20 12 27
26 62 15 35 2 9 3 10 8 7 1 22 12 8 18 29 27
10 48 30 67 4 4 10 12 2 17 16 11 76 29 37 10 16
30 29 23 17 28 82 47 51 40 77 7 14 5 26 24 29 14
30 12 40 34 25 90 35 11 26 27 6 24 33 1 26 6 25
18 29 27 7 25 21 26 8 13 16 9 54 6 25 7 18 30
97 13 74 11 7 4 76 8 60 67 41 23 14 42 25 21 52
24 15 37 37 19 4 22 2 18 19 17 20 18 11 26 71 95
29 7 17 34 10 2 22 63 28 29 64 7 3 8 17 6 10
5 10 83 26 7 20 27 40 11 75 25 9 28 69 2 17 3
6 26 8 21 20 2 6 31 2 6 18 44 64 2 27 19 16
64 20 31 17 21 25 67 33 9 28 14 5 24 18 19 4 23
79 17 30 40 30 19 3 16 18 4 10 15 4 24 20 89 22
12 37 22 3 13 38 21 29 19 16 25 7 2 9 8 18 20
2 21 7 5 23 11 31 99 3 16 26 3 8 46 4 13 24
2 33 2 13 37 2 25 63 28 23 2 38 24 14 43 26 6
30 5 18 31 26 34 25 46 30 7 10 14 21 9 22 12 13
77 25 8 17 10 22 15 14 16 27 4 26 31 1 49 55 16
24 40 6 35 7 11 55 20 8 25 6 3 13 1 33 9 27
21 24 89 10 9 28 41 29 11 2 3 21 7 18 7 3 36
4 8 3 25 1 2 20 21 24 23 12 21 13 28 13 20 26
6 11 23 22 15 33 54 6 5 32 22 17 13 4 86 6 84
21 71 11 25 3 28 3 19 28 7 59 71 19 81 27 3 14
6 16 36 10 6 17 12 10 13 25 50 24 40 53 26 12 11
35 8 15 24 13 16 22 24 25 4 21 7 29 46 15 61 21
9 13 62 5 81 15 30 23 4 19 81 83 3 26 2 17 9
13 5 15 8 20 51 26 35 6 22 20 19 12 34 6 15 10
60 35 23 27 6 9 6 15 19 24 25 37 13 13 3 70 28
13 18 31 2 4 2 23 29 24 8 41 9 78 30 20 20 27
10 17 2 34 19 4 37 13 29 29 2 22 27 39 10 35 11
21 10 7 16 12 36 24 3 22 80 7 67 10 9 2 18 31
11 79 14 17 16 22 11 21 10 30 36 28 70 9 23 17 23
4 12 12 37 71 47 95 18 7 14 23 22 40 13 24 86 4
13 33 13 14 52 25 26 7 28 30 16 36 19 9 21 5 25
24 15 73 22 23 77 96 35 29 21 18 7 21 14 30 28 11
40 12 2 26 23 75 73 4 39 30 14 18 64 70 23 26 9
3 36 37 14 54 17 15 30 29 77 10 49 19 14 28 23 26
9 15 3 31 26 56 14 22 7 11 29 24 15 25 40 5 28
3 5 2 5 97 1 18 12 8 19 2 72 19 4 18 90 11
12 19 71 17 47 20 11 27 3 66 9 4 7 2 29 11 4
18 25 2 9 1 74 28 27 29 33 16 7 11 3 4 23 1
29 8 11 27 2 23 21 82 31 28 15 20 27 4 39 25 24
15 1 51 30 6 23 30 5 12 8 7 54 24 14 22 19 7
6 17 44 58 15 16 17 23 2 2 41 8 23 1 11 28 9
4 19 1 21 83 24 12 26 13 40 50 6 4 3 23 6 36
9 36 13 12 12 84 24 24 24 18 89 23 8 20 27 10 38
19 2 30 19 5 37 10 10 17 12 30 26 2 26 27 38 7
1 3 7 70 34 6 20 15 33 5 5 8 35 75 70 8 10
30 71 28 52 4 13 2 3 30 24 8 11 20 9 2 45 44
44 30 13 13 6 8 10 21 9 10 23 2 5 2 25 21 2
9 18 26 43 13 20 16 8 5 4 31 39 11 9 21 6 30
22 18 5 90 46 33 11 25 15 15 22 11 12 97 34 20 8
3 8 11 63 34 21 22 30 7 21 55 14 39 20 9 23 23
25 9 9 30 34 40 22 27 13 19 13 9 19 18 29 18 18
21 38 36 1 1 18 85 23 32 19 11 78 1 3 24 6 5
4 85 80 1 8 21 10 2 28 3 24 96 5 28 8 29 13
9 13 36 6 4 7 11 40 88 50 57 12 5 47 24 30 14
23 19 28 14 33 26 9 17 18 26 12 25 5 4 6 24 26
21 76 3 13 85 26 38 22 38 47 23 10 7 29 26 8 12
4 26 24 37 14 26 13 12 5 85 66 10 20 1 27 30 17
20 26 41 9 18 68 44 8 8 45 39 15 17 67 8 50 17
88 2 21 30 1 16 27 35 41 1 28 11 20 10 23 58 10
20 14 31 30 13 2 14 17 28 13 17 7 65 52 10 21 22
34 3 1 6 17 37 29 22 7 18 25 9 9 2 68 17 5
7 18 39 22 38 36 12 34 19 20 11 24 10 11 4 18 3
22 4 17 11 13 12 22 6 18 26 19 10 22 20 2 28 36
19 12 22 1 13 13 88 23 28 17 9 14 52 70 33 26 22
25 26 26 18 7 84 35 16 17 9 55 6 14 32 5 12 7
24 19 30 11 78 14 18 27 58 29 13 94 70 4 10 44 33
35 16 28 2 21 31 28 21 44 43 20 58 40 6 14 11 26
39 30 63 23 28 24 34 22 28 17 12 16 5 18 3 18 90
6 26 26 23 71 34 33 54 1 29 23 19 4 6 22 30 30
20 75 24 72 21 8 18 1 72 20 13 2 15 4 28 7 96
11 11 21 19 18 10 35 14 15 16 27 30 30 4 29 12 10
23 16 26 14 20 31 80 48 21 10 9 29 29 35 56 25 40
6 12 21 1 4 7 53 5 64 19 42 26 19 27 14 14 12
23 21 16 22 26 7 16 32 2 27 6 20 21 19 38 23 12
11 2 8 25 35 16 21 82 25 2 20 63 1 84 1 40 14
87 4 22 29 18 17 25 17 20 17 69 25 9 40 7 15 25
11 9 13 12 30 38 25 22 7 35 22 34 29 85 37 26 10
15 10 26 28 5 11 29 18 90 22 7 32 1 6 33 24 11
36 22 26 2 4 13 13 21 19 9 18 25 25 9 3 28 25
20 68 3 13 28 25 33 19 19 57 29 8 5 15 64 28 86
27 33 18 29 16 26 9 9 9 8 27 1 54 34 17 15 36
86 8 2 40 13 26 9 8 5 30 13 30 18 49 23 77 81
30 83 87 13 29 1 25 38 24 18 9 22 14 3 15 10 38
29 7 5 68 6 28 8 14 8 27 10 5 1 2 24 38 49
4 32 21 17 30 26 58 22 9 8 53 40 15 7 33 49 30
89 7 17 13 20 27 1 20 19 37 78 15 17 12 19 13 61
8 23 11 39 2 2 66 13 26 25 19 4 26 16 28 72 21
12 12 22 50 5 37 8 40 19 3 86 33 11 18 44 11 2
38 32 28 6 18 7 21 9 36 10 27 89 10 21 90 21 13
37 15 22 67 8 10 12 30 41 73 81 12 18 17 23 34 27
19 17 35 9 1 4 33 7 21 12 9 25 80 14 14 26 10
39 21 18 80 30 17 26 24 7 14 51 48 1 14 10 5 14
28 10 51 5 15 9 6 16 18 20 4 36 17 15 15 21 71
12 10 17 11 88 28 34 33 7 13 5 17 6 20 29 7 29
5 19 26 1 4 18 44 21 5 26 7 13 1 28 70 10 22
6 1 28 9 13 60 28 7 35 29 3 2 74 34 1 6 9
89 26 9 25 21 21 69 32 10 27 42 19 14 2 10 22 84
23 58 36 39 16 38 10 37 11 26 74 18 77 15 9 26 13
13 18 33 7 6 28 7 2 87 17 3 68 8 18 18 15 29
62 16 18 47 5 6 14 7 18 18 21 40 67 71 5 82 41
13 2 4 37 1 19 1 81 7 27 1 8 67 75 26 17 4
15 24 34 20 1 12 24 27 14 1 20 8 14 33 24 7 2
80 2 20 29 19 16 40 67 17 26 16 18 4 39 25 6 15
30 30 9 23 22 26 29 20 20 11 17 59 17 69 21 11 68
5 15 29 24 15 25 2 47 19 68 15 7 33 23 74 17 15
80 24 8 26 15 18 13 27 20 20 22 9 49 65 24 19 49
1 24 3 6 13 26 45 28 6 24 21 8 21 27 96 26 9
15 16 57 8 6 28 27 17 24 9 24 7 22 3 3 12 67
9 46 66 14 30 74 17 33 16 33 10 25 10 33 9 21 29
10 25 22 2 24 5 19 24 3 28 19 4 3 13 38 5 16
24 29 13 30 27 81 18 24 25 6 5 30 35 48 15 70 17
33 15 15 8 59 25 34 23 23 7 46 10 25 35 46 17 25
44 5 2 16 16 3 27 76 3 30 17 9 17 5 31 6 36
13 28 29 21 29 45 31 13 29 23 23 17 12 11 12 13 78
38 28 35 19 25 7 21 3 4 35 38 3 91 71 15 48 15
10 7 2 3 2 18 20 5 33 24 24 25 33 11 37 38 16
16 82 6 2 1 11 21 13 6 14 18 13 45 25 21 3 8
38 31 22 8 24 7 8 14 25 2 18 30 4 26 21 9 34
22 26 70 77 35 27 6 30 24 16 29 4 25 13 29 8 29
1 16 11 23 2 80 5 36 13 70 5 39 25 20 13 7 84
19 40 32 8 71 19 29 10 7 6 29 16 2 18 45 26 4
17 19 93 24 48 18 2 26 59 14 5 43 27 81 1 32 26
13 20 28 54 1 4 90 22 70 13 19 8 8 2 31 15 39
23 32 14 39 6 30 26 7 24 31 31 10 82 18 9 3 1
10 23 22 27 14 6 9 31 12 11 29 4 70 19 30 3 26
84 23 27 36 29 42 10 57 90 2 49 51 14 11 29 29 15
1 56 15 8 15 25 6 20 15 7 31 13 66 22 4 11 68
61 39 24 40 77 26 26 21 6 24 25 13 7 84 73 22 31
11 37 27 29 21 69 26 23 2 14 4 15 28 13 37 11 31
43 3 13 1 40 32 28 39 57 24 12 21 11 21 20 6 5
2 31 66 6 1 25 14 35 21 14 16 43 27 1 35 16 12
32 87 23 3 11 37 2 32 50 29 1 9 6 34 15 2 2
5 23 48 13 17 14 13 44 21 18 7 17 20 4 28 19 28
2 12 9 25 45 25 4 29 1 20 84 23 21 11 46 10 14
29 15 42 24 30 27 25 12 28 11 1 47 14 15 27 27 23
15 9 8 82 27 2 18 3 17 20 25 33 22 24 1 39 17
7 5 22 26 38 91 59 5 19 68 31 75 20 35 17 35 10
12 16 26 34 28 3 6 12 31 7 3 61 9 14 90 35 31
52 47 78 51 47 20 10 74 5 87 1 31 30 46 16 39 3
19 25 28 2 80 9 39 8 22 4 10 26 15 24 47 16 11
9 28 29 38 34 11 44 34 4 25 24 28 19 21 34 22 90
17 28 5 22 25 2 5 6 5 6 8 20 30 13 31 13 19
12 13 8 25 26 25 18 14 32 14 28 15 5 75 19 34 29
87 1 21 30 43 12 32 1 39 29 28 15 26 78 80 38 2
6 30 2 35 17 42 20 16 33 31 18 5 9 10 58 35 24
24 19 22 28 15 21 68 24 12 25 2 29 20 29 56 23 28
75 14 32 9 37 36 62 11 28 66 19 14 24 26 23 26 38
4 15 51 25 30 12 26 21 16 26 32 33 21 14 11 29 23
11 73 25 9 3 46 32 12 47 6 29 8 3 20 17 14 26
74 18 72 85 39 16 22 89 16 18 9 26 12 31 54 38 14
23 1 7 21 21 25 3 59 24 22 16 20 75 29 28 30 12
21 11 19 1 1 26 18 13 52 37 18 8 38 28 36 31 64
5 9 8 58 6 12 30 17 10 29 87 97 65 21 11 13 93
9 25 44 23 19 22 27 84 30 22 98 14 40 24 11 16 35
23 20 21 4 39 18 30 7 7 39 58 14 5 15 18 14 26
16 63 15 21 1 10 19 60 9 16 17 23 63 3 49 66 19
21 11 26 1 32 39 27 13 23 38 11 8 50 75 33 37 54
15 6 68 14 35 60 7 7 2 11 24 11 47 34 20 19 6
85 2 3 4 81 4 70 15 38 12 26 45 6 14 18 24 13
79 9 64 11 6 10 1 10 4 34 23 7 24 18 8 22 6
6 79 4 24 15 15 34 30 20 34 7 16 48 54 5 47 2
8 1 37 20 31 14 13 1 25 12 14 40 25 1 40 6 12
15 10 34 28 34 12 13 15 35 19 26 62 1 24 5 11 86
8 20 3 2 14 94 7 29 22 29 2 15 14 10 8 6 33
51 23 36 45 18 3 7 30 40 25 12 35 67 69 18 38 8
18 23 11 40 22 11 20 13 23 25 27 2 10 7 12 12 22
22 61 69 34 12 15 14 24 3 30 90 8 22 2 3 14 60
8 64 21 25 47 9 38 16 30 14 19 24 27 20 8 22 20
40 27 27 86 34 18 29 33 13 18 84 30 10 8 6 18 28
17 9 17 24 55 3 27 4 22 27 14 37 8 7 20 10 30
8 29 33 78 19 20 20 3 45 12 88 43 17 76 23 10 13
15 10 9 19 22 16 19 29 2 58 63 6 12 18 29 29 39
20 69 41 21 14 3 2 18 14 11 17 26 1 10 21 35 15
14 22 13 27 24 28 22 11 27 13 10 24 32 25 7 32 8
28 2 5 7 31 17 13 32 24 41 10 14 18 23 21 34 67
9 27 25 10 24 47 15 51 8 81 50 12 1 19 81 11 2
21 1 16 14 26 25 11 13 22 29 29 24 49 36 16 21 2
2 30 95 52 78 14 16 29 19 6 20 51 29 29 3 22 34
3 33 32 7 7 27 24 16 14 20 27 5 20 17 7 26 3
56 19 10 19 20 23 9 12 20 15 53 39 18 31 18 35 22
16 21 29 8 32 29 8 14 1 30 29 20 27 3 29 25 4
57 6 3 9 5 29 30 39 14 36 16 5 1 29 16 15 7
5 30 16 51 34 38 26 11 89 3 22 18 9 5 25 25 11
9 24 31 58 14 5 20 2 7 33 25 30 23 19 58 11 18
5 40 7 77 35 8 7 4 11 25 29 22 47 90 25 17 54
1 35 5 13 11 6 10 4 22 20 3 23 21 34 26 3 34
12 27 85 15 25 79 15 25 33 54 24 24 23 26 28 11 5
28 21 16 83 31 30 20 90 15 10 12 7 13 86 39 30 23
9 30 12 28 9 20 1 13 13 63 34 37 60 72 8 6 2
6 29 35 84 21 38 9 6 25 19 20 15 70 36 77 21 17
27 27 6 10 8 78 26 28 18 51 25 15 8 49 28 24 9
19 18 90 51 17 4 10 22 13 19 60 12 4 58 12 36 21
21 8 22 38 36 26 40 29 27 11 20 4 8 14 12 90 24
34 18 4 6 31 7 8 14 25 9 1 1 5 72 7 9 76
11 18 87 19 20 70 1 5 15 2 23 90 3 29 57 10 21
13 20 14 52 1 5 19 51 72 49 24 85 57 28 7 4 18
21 22 4 17 83 31 28 66 2 14 10 29 21 42 33 28 30
25 22 14 19 28 17 12 11 25 16 14 14 13 86 69 18 24
22 16 38 9 14 89 15 10 2 24 3 34 15 29 6 14 25
24 15 13 21 19 85 5 15 19 29 23 45 13 52 44 13 36
2 43 21 26 26 23 24 79 2 36 33 29 3 15 3 57 14
24 15 15 23 3 84 29 15 59 10 9 6 10 4 25 17 8
20 15 8 27 14 11 6 16 25 26 18 6 7 30 3 14 24
8 82 46 22 17 28 24 1 5 23 28 9 31 16 35 2 19
30 58 63 81 24 67 15 19 7 9 20 8 2 32 32 58 30
28 37 2 40 33 1 28 29 26 14 20 22 21 3 30 7 8
30 5 2 54 6 21 22 73 15 22 13 24 29 28 74 8 81
70 32 47 2 40 1 2 25 18 26 26 3 24 28 31 18 13
3 3 9 54 30 24 25 14 76 27 3 21 17 13 5 6 13
1 8 19 22 24 23 4 34 22 81 28 6 86 20 70 23 27
9 30 26 78 1 29 18 29 20 19 18 8 20 89 29 14 20
30 15 30 10 27 26 39 29 8 23 55 1 25 26 51 5 17
17 28 18 32 26 21 3 13 9 4 19 16 8 64 30 17 7
13 16 6 21 26 26 73 28 30 10 27 59 20 40 8 1 40
21 17 32 2 2 22 8 50 86 46 31 26 21 16 11 8 20
26 28 9 24 20 9 13 20 11 12 27 21 14 9 49 14 34
82 1 26 16 48 14 19 21 3 70 38 25 29 30 18 31 11
9 26 18 5 96 26 7 17 2 5 33 16 19 10 23 6 51
4 13 22 11 42 37 20 39 28 22 25 30 8 9 1 12 25
16 28 17 1 13 2 27 51 27 2 25 21 6 18 78 23 12
55 2 16 6 11 25 28 5 90 15 23 18 76 20 12 10 1
17 24 15 11 5 2 17 11 17 26 5 34 62 26 28 12 13
5 90 16 2 29 14 7 9 9 1 60 22 40 39 20 11 42
14 12 7 8 27 34 16 8 4 22 8 3 26 85 10 59 40
54 24 19 12 36 5 14 3 35 13 21 72 24 5 9 25 72
36 22 15 12 3 10 26 20 18 18 23 7 24 25 18 17 3
21 31 37 23 13 7 26 20 35 4 82 56 20 11 3 7 36
21 15 8 17 30 13 27 27 17 27 13 14 33 53 79 28 30
39 5 15 9 30 25 23 43 17 4 44 28 78 7 21 80 15
17 26 28 22 21 33 4 40 5 13 77 33 9 4 1 15 86
17 1 3 19 20 30 32 40 1 5 14 6 4 11 3 28 30
30 6 7 43 8 5 15 6 2 20 3 12 4 25 31 18 40
24 21 24 26 65 10 5 13 76 41 79 4 19 36 49 36 60
58 16 13 9 21 9 12 47 83 28 6 8 17 81 3 33 9
81 13 20 4 15 25 51 25 24 27 2 28 5 13 27 14 9
16 35 11 15 37 21 19 48 1 4 22 3 31 60 6 3 90
3 28 8 7 5 29 15 24 8 20 37 2 69 21 33 13 23
38 2 17 16 27 4 38 12 26 57 37 9 24 27 16 21 29
45 28 5 21 22 5 18 14 2 5 11 19 2 12 27 9 23
19 21 97 26 14 46 26 70 21 74 47 26 27 19 85 14 19
19 71 18 90 14 36 9 22 12 14 57 21 12 8 69 28 46
14 47 3 25 5 36 16 16 27 17 10 1 18 90 75 19 29
26 12 64 36 58 22 69 22 23 6 8 20 52 19 66 19 19
88 35 65 54 4 29 65 17 62 5 6 5 16 79 9 34 13
29 5 20 35 4 29 24 1 29 15 39 18 29 40 56 8 21
18 39 21 29 88 37 24 28 11 35 17 27 14 6 44 14 50
27 1 23 21 28 30 30 17 26 5 69 12 3 7 16 30 5
6 27 5 4 37 17 17 2 34 18 36 24 9 2 18 24 72
22 19 9 17 15 27 13 15 32 5 26 27 5 82 11 31 26
15 10 19 15 13 4 35 13 35 13 1 2 25 40 7 6 6
4 12 15 54 56 33 6 25 3 8 1 11 28 8 24 25 39
84 7 26 3 2 36 23 20 18 44 21 42 56 25 6 22 3
11 34 30 12 88 8 36 55 28 2 27 30 24 28 24 77 17
28 30 66 11 23 15 4 37 18 8 8 27 5 16 7 42 17
25 5 15 32 6 37 86 4 11 31 2 25 23 6 40 13 39
19 7 18 32 3 55 20 10 20 90 50 12 71 24 3 41 5
30 18 26 15 13 27 27 5 16 12 10 1 6 7 55 38 25
45 26 27 2 13 25 26 23 5 16 24 89 30 27 25 42 9
23 6 24 24 18 14 19 7 7 49 37 24 37 53 49 12 27
25 14 27 16 24 38 18 12 47 29 89 17 25 26 87 22 4
14 4 39 31 59 30 42 28 23 22 20 15 21 14 23 17 7
27 74 29 63 17 15 27 15 1 25 14 94 37 24 10 1 29
34 2 33 39 24 40 16 51 65 15 6 18 20 5 7 24 53
10 40 28 17 61 63 15 10 18 26 13 11 10 21 4 19 25
15 22 32 12 10 22 17 90 1 38 8 35 6 27 4 32 23
37 18 12 15 9 15 18 25 3 16 15 16 8 23 9 73 60
9 17 17 5 28 51 11 81 36 37 88 58 18 16 8 24 32
4 4 39 40 73 15 76 5 8 2 7 1 3 6 17 14 32
2 1 17 11 23 6 76 2 39 9 44 87 26 27 84 17 34
25 7 49 25 12 17 26 21 33 35 27 35 40 11 21 30 28
24 4 17 71 34 14 3 20 37 13 28 19 22 6 19 20 31
7 20 12 5 18 3 27 23 21 30 9 8 89 37 20 5 14
54 29 31 51 2 4 19 19 29 15 12 31 4 21 82 26 1
13 10 23 6 27 28 38 31 14 6 25 2 11 17 85 17 63
29 44 76 27 28 2 21 52 1 22 14 25 2 5 20 5 11
26 62 5 5 10 3 4 5 11 11 19 60 24 3 17 12 79
24 13 7 30 23 72 8 8 13 25 26 6 9 36 7 20 13
33 19 10 40 7 24 16 7 22 73 22 4 23 22 26 20 18
40 5 15 10 42 13 10 21 91 39 10 31 16 79 18 38 19
15 2 17 30 7 16 44 1 77 9 22 8 1 10 38 27 7
17 10 16 19 12 22 23 20 36 4 2 11 13 30 9 1 17
85 84 21 29 28 71 23 4 68 26 24 7 9 6 9 74 16
7 85 5 56 4 14 81 8 58 3 85 11 14 31 46 12 1
31 22 44 70 27 1 3 11 51 2 27 7 5 30 17 39 5
9 22 25 30 16 19 6 11 25 53 24 30 19 36 66 12 55
3 14 3 18 4 5 13 7 25 12 25 40 39 26 9 25 7
30 36 70 16 27 4 25 2 19 13 17 23 20 19 18 6 37
18 24 12 14 19 7 25 13 13 38 7 18 5 24 13 7 1
6 1 75 23 29 26 10 6 16 36 15 11 8 72 30 24 6
12 20 27 62 1 23 36 11 6 34 29 18 22 29 11 83 4
13 40 27 5 9 19 5 9 23 2 13 15 6 2 35 18 24
37 24 30 2 3 60 16 90 40 23 24 67 6 1 28 23 39
25 38 90 3 62 80 29 18 19 22 14 31 20 25 10 2 26
8 19 1 19 1 62 19 61 67 70 2 15 2 6 83 59 13
34 4 39 6 5 24 28 12 40 13 67 1 47 25 4 25 24
24 20 25 14 18 4 3 1 16 8 85 17 30 68 27 16 56
2 19 14 24 59 22 34 28 5 14 8 20 28 43 46 12 7
4 12 29 75 13 1 32 8 8 17 61 2 11 25 18 79 20
28 29 51 17 36 35 11 2 7 16 11 59 29 29 13 16 15
10 3 36 35 12 11 21 36 26 9 27 29 36 2 17 28 21
58 16 29 52 26 22 12 22 3 26 37 7 1 39 7 89 28
22 81 38 25 24 18 13 2 13 82 6 7 8 16 1 23 72
97 43 57 9 25 23 12 11 3 22 36 55 19 11 22 21 2
11 27 68 13 81 4 6 2 26 1 60 21 27 28 26 26 29
24 82 26 9 25 40 26 9 15 4 20 22 1 3 25 35 67
4 12 3 21 34 8 15 28 23 21 25 29 74 1 14 2 83
25 40 11 12 37 27 6 6 63 9 43 8 7 55 39 9 14
87 18 25 21 47 9 23 1 33 12 27 20 29 25 10 24 4
79 36 25 6 27 32 12 5 14 4 22 27 25 28 6 13 29
8 79 21 19 5 85 12 4 11 73 21 16 4 49 28 18 4
1 49 27 15 24 21 30 28 56 11 77 29 34 11 4 18 26
7 77 25 17 62 6 63 40 55 29 16 27 36 14 22 3 12
87 35 22 100 6 20 21 16 38 84 10 36 12 14 5 10 14
80 48 28 14 22 13 28 18 18 9 21 38 27 3 24 9 7
45 16 14 86 8 11 13 5 19 18 75 7 61 11 25 19 2
11 16 10 20 3 38 15 11 12 5 7 37 8 26 8 35 18
29 38 1 14 1 71 20 1 28 39 36 14 20 27 4 88 64
7 1 17 16 24 99 26 6 14 14 20 24 17 18 40 6 19
28 6 11 30 21 12 7 12 13 15 16 12 3 3 23 15 24
19 26 17 59 27 5 78 19 30 32 92 4 29 24 12 9 7
55 23 7 11 17 17 13 2 20 9 64 23 26 79 4 14 1
3 8 34 13 2 12 26 1 18 25 10 28 3 14 31 20 46
16 20 57 1 7 26 5 9 79 11 18 25 12 92 10 11 27
62 16 24 36 6 12 47 21 20 11 28 17 16 30 16 30 23
1 10 36 37 17 19 14 65 29 37 17 23 6 31 10 11 7
53 13 31 28 3 4 36 25 24 87 65 6 11 3 29 22 13
10 20 57 19 9 8 28 6 14 25 17 5 16 6 25 23 10
6 1 90 2 22 34 3 12 22 8 11 29 23 21 3 40 20
2 25 10 35 40 38 40 24 18 14 21 6 25 5 8 30 21
35 16 5 23 29 28 11 21 3 2 11 7 27 75 9 15 17
5 30 66 56 29 20 20 15 27 18 17 20 84 22 9 7 30
6 2 14 17 42 5 8 27 27 27 89 1 21 37 22 75 49
50 80 18 28 28 26 5 23 17 30 10 7 7 14 18 16 36
7 21 30 78 16 18 25 84 17 9 30 39 60 16 92 5 27
28 17 14 16 27 20 13 27 38 29 6 17 36 28 8 4 24
8 16 22 17 12 3 26 27 27 14 17 60 13 15 44 82 17
82 1 9 21 9 29 10 25 11 18 74 54 21 39 2 22 25
22 20 48 14 4 3 70 38 7 35 4 3 24 29 30 1 24
28 20 24 12 26 15 3 18 6 13 5 7 12 34 18 9 37
8 34 25 10 1 2 17 77 14 30 14 1 2 26 25 31 35
9 21 19 26 39 2 21 30 1 18 12 5 14 13 56 17 4
82 33 8 27 27 11 64 13 79 35 15 15 28 30 23 5 6
32 23 18 14 21 14 18 19 17 13 4 9 26 26 23 39 18
63 25 24 9 1 12 7 11 20 22 19 4 14 12 37 44 13
6 33 33 39 1 10 25 3 21 22 18 32 53 33 4 9 15
15 25 7 13 10 18 21 22 52 26 29 19 28 1 21 22 36
9 17 28 6 14 13 28 4 59 5 16 14 21 2 12 20 29
12 33 82 10 2 26 21 15 8 1 30 22 20 13 15 30 30
3 54 26 71 19 16 1 27 4 78 18 15 21 26 33 5 6
15 6 10 11 12 19 20 22 34 5 27 87 90 1 15 4 17
88 68 32 3 15 84 2 17 38 13 21 28 32 19 39 48 12
16 3 89 15 28 55 51 48 26 2 23 16 16 11 30 22 29
30 26 15 33 1 16 16 1 36 11 5 5 25 20 19 28 19
13 21 46 12 8 64 9 16 85 17 18 18 63 9 17 29 15
72 18 1 3 3 11 1 8 53 5 19 47 28 9 26 13 37
16 27 27 7 90 29 23 3 19 6 14 12 14 27 3 1 44
75 84 5 32 35 21 13 9 31 25 28 26 25 5 83 43 15
8 24 21 37 5 11 22 28 47 9 14 7 17 51 44 16 16
7 23 88 14 8 19 36 14 14 22 21 22 7 55 34 9 10
34 12 2 23 11 23 48 18 28 19 8 20 4 15 55 1 2
20 17 14 19 15 44 3 2 1 6 8 26 28 24 18 20 2
8 86 8 7 32 39 3 9 16 2 1 16 10 2 23 64 18
22 24 5 23 17 96 24 30 20 4 5 1 19 13 34 27 19
18 34 9 23 13 26 15 21 30 6 5 25 5 16 9 18 18
11 90 22 31 23 3 18 38 21 14 28 23 62 5 31 8 12
28 24 2 33 23 1 48 26 29 1 29 11 44 6 25 12 9
36 23 40 9 3 8 23 74 14 37 40 26 44 4 1 53 23
18 14 17 25 21 7 9 2 14 59 11 23 16 35 22 31 28
70 25 26 16 10 11 29 14 41 29 37 39 3 12 36 51 9
19 23 18 89 30 32 34 61 6 29 18 11 27 15 7 34 16
31 5 20 24 43 14 9 33 35 29 1 7 75 28 43 2 3
18 24 7 23 30 24 89 8 8 7 9 54 22 7 33 20 60
28 1 3 7 29 9 18 34 3 12 20 13 9 20 27 1 25
20 5 2 18 1 51 29 16 73 79 9 25 1 2 33 24 25
38 57 15 25 29 82 27 23 20 35 33 24 29 26 30 2 14
5 11 18 30 22 28 8 89 15 9 85 50 1 16 30 19 41
66 23 13 24 27 29 41 7 31 28 26 2 80 17 25 17 13
20 19 10 21 11 1 43 32 67 28 44 26 8 13 7 32 25
17 13 55 3 18 27 11 18 4 25 70 18 18 6 27 17 24
12 11 62 93 23 11 25 19 89 28 11 19 2 32 7 4 18
19 11 24 8 26 6 27 28 91 26 95 10 1 83 16 4 16
8 17 7 97 56 24 12 5 8 28 16 40 1 5 3 51 22
89 24 23 28 25 5 26 6 30 24 35 2 3 25 64 3 9
13 6 17 72 11 92 5 8 24 55 2 16 1 2 13 62 68
25 8 85 29 30 18 21 5 1 21 12 12 46 53 3 10 11
19 12 7 5 22 76 7 23 12 25 29 12 4 17 13 8 70
84 28 78 30 22 27 7 45 20 28 5 15 17 15 27 5 41
2 29 45 86 12 4 14 74 36 8 1 29 2 2 38 65 54
8 81 23 28 23 23 11 20 71 12 2 11 65 22 16 28 30
15 17 8 23 7 45 32 15 6 7 63 5 27 23 30 15 32
24 6 67 21 13 22 3 10 13 21 24 4 34 19 18 26 16
43 78 7 27 11 37 3 35 25 12 13 9 23 21 82 15 18
3 27 10 8 21 11 27 22 25 21 12 40 47 27 11 9 18
7 22 28 19 17 13 7 6 76 57 25 7 2 38 66 13 12
30 24 14 81 51 12 6 73 22 29 5 20 32 24 21 1 3
23 30 22 54 10 7 90 16 28 9 17 69 18 18 54 5 34
13 25 14 91 29 6 16 26 1 20 18 10 3 40 21 8 62
23 20 7 23 10 2 20 57 46 11 11 12 9 84 28 27 22
53 28 21 8 24 1 12 12 5 21 6 30 37 35 15 75 62
73 21 26 28 13 15 49 29 29 30 54 34 37 1 18 33 7
5 30 50 1 2 79 8 20 21 23 16 17 34 26 5 27 34
28 49 21 19 4 24 19 10 31 19 7 27 51 6 40 4 10
19 24 8 50 28 13 26 5 89 6 37 22 6 37 40 24 9
63 11 25 24 4 60 40 4 3 7 50 46 25 7 5 5 10
10 35 9 5 22 6 9 21 32 6 31 57 36 5 5 29 26
9 17 69 34 50 6 15 50 9 17 16 2 31 25 34 39 10
27 14 6 79 8 21 22 18 21 37 29 31 50 12 21 19 21
19 7 22 64 22 14 16 7 23 15 3 34 6 1 21 19 21
13 26 19 26 9 6 16 43 58 27 19 4 5 20 16 21 27
7 10 21 24 3 58 4 27 22 9 35 11 8 6 33 6 9
1 17 20 2 83 11 20 27 16 29 21 76 29 3 29 13 14
34 33 11 9 29 80 80 19 22 12 17 1 17 4 80 30 26
18 13 57 9 3 1 20 35 38 19 40 15 14 63 87 9 29
2 28 21 10 8 2 24 37 22 19 28 5 16 7 10 14 85
23 25 30 25 15 45 6 4 39 82 7 16 17 23 33 7 40
23 29 38 9 74 5 49 36 53 8 24 29 18 8 6 24 8
11 23 1 2 29 3 38 29 3 23 20 8 1 20 17 20 68
4 15 10 1 21 3 37 80 3 13 25 14 89 12 63 34 58
16 55 17 24 23 12 37 29 84 24 9 18 18 1 23 34 24
64 3 16 22 53 62 22 45 60 29 8 50 1 5 15 35 14
21 17 30 14 24 29 40 23 31 11 12 19 9 10 24 16 20
30 9 6 15 43 3 80 40 5 71 3 11 6 8 14 27 15
52 32 27 15 28 68 16 12 27 22 29 31 13 10 15 19 37
3 13 38 77 81 6 9 76 86 26 21 13 41 4 17 8 28
36 9 20 11 8 20 15 9 18 10 66 30 5 62 4 8 14
7 13 81 32 81 28 6 20 16 27 11 24 21 39 24 26 14
14 7 18 35 44 9 7 33 81 71 36 30 9 7 24 14 70
17 28 11 19 8 49 38 20 39 6 24 2 23 8 17 27 18
21 45 75 1 27 71 13 9 17 19 23 29 24 5 28 22 15
7 68 1 18 3 36 27 30 4 22 34 6 23 16 29 12 14
4 20 19 60 8 19 17 5 19 39 2 7 23 65 24 2 9
7 37 17 20 15 34 33 86 49 36 85 16 9 47 72 6 12
4 19 28 10 25 74 26 24 14 29 3 31 29 29 24 18 35
18 80 13 20 26 4 37 9 55 32 67 21 2 28 35 90 10
4 18 80 63 27 10 14 33 5 27 15 23 24 8 42 20 18
19 34 28 39 1 17 76 4 1 45 5 21 22 88 28 4 62
58 35 29 21 30 34 1 2 21 46 13 1 24 81 30 50 30
17 74 2 15 39 18 7 26 18 11 27 29 30 25 36 8 13
1 28 25 85 20 11 76 10 14 31 71 26 24 4 30 8 24
70 85 27 11 15 39 22 9 6 28 19 24 50 7 29 2 30
10 12 8 6 28 11 30 20 14 24 57 4 27 20 2 11 29
16 16 1 19 28 29 18 25 2 22 22 46 13 29 46 12 10
17 13 20 19 5 17 82 45 37 16 14 14 71 88 12 29 86
22 15 27 21 6 95 35 14 12 25 22 15 20 26 9 71 14
30 31 25 19 63 18 19 28 4 54 5 55 23 24 29 15 20
9 4 4 2 30 1 2 4 13 5 3 28 36 39 12 9 27
14 2 76 62 14 34 36 26 27 4 27 3 25 23 18 77 3
14 70 43 4 2 8 24 15 23 82 7 31 35 22 36 21 19
20 27 3 13 36 71 18 83 17 15 26 88 10 6 16 50 19
10 28 38 20 13 88 28 30 28 16 10 78 62 39 21 12 16
1 14 78 100 8 8 31 5 27 30 40 90 86 1 16 2 84
3 11 5 14 27 37 3 12 15 27 6 49 18 14 30 15 9
27 35 30 15 22 3 63 75 8 10 79 1 21 68 12 14 6
15 15 23 22 10 5 13 30 2 32 11 20 65 3 3 35 23
17 5 26 22 9 69 77 23 27 5 24 2 10 16 68 25 14
24 13 18 81 24 69 70 6 17 35 7 19 15 42 21 33 10
28 27 18 23 85 26 30 19 3 90 30 10 2 57 8 18 6
87 25 1 16 86 52 22 14 27 9 8 92 23 90 37 23 36
17 4 5 51 6 8 30 21 1 29 3 39 1 25 12 23 4
5 53 17 24 21 16 5 15 69 29 18 30 23 2 47 9 8
23 24 70 21 10 17 21 24 32 70 3 36 28 78 25 14 23
23 28 26 12 79 21 18 22 28 20 5 25 40 2 5 38 3
38 5 17 14 1 38 19 13 64 26 34 68 19 21 23 7 40
4 16 20 20 27 2 17 6 38 30 62 12 8 7 13 9 21
22 19 18 20 85 1 50 24 20 94 28 9 16 59 23 7 42
12 4 22 13 39 25 6 7 7 3 3 29 22 18 51 27 76
6 39 11 32 23 4 36 21 30 19 3 25 15 11 81 28 26
8 19 23 2 16 33 71 17 20 1 22 29 27 8 76 17 83
6 28 30 4 68 4 29 12 19 15 26 52 29 33 75 25 5
43 29 16 29 15 12 41 7 14 4 3 18 3 4 39 71 41
18 30 19 10 19 24 1 10 8 1 74 20 12 14 18 22 15
3 36 20 90 26 54 2 45 15 14 36 22 1 4 27 5 20
2 63 12 48 3 57 26 32 30 14 6 38 20 69 26 20 63
9 24 17 4 13 27 20 23 3 68 27 75 4 27 71 36 22
19 25 30 20 20 11 3 28 53 81 87 30 46 21 24 22 12
55 11 38 24 27 26 26 37 25 14 13 65 1 41 58 78 4
37 29 37 22 22 92 23 16 26 42 30 55 21 16 59 56 3
22 10 31 11 14 31 60 25 12 7 31 59 22 22 49 58 31
35 25 16 24 28 39 9 64 23 6 26 6 38 46 37 21 11
2 24 21 9 20 17 17 3 1 16 17 54 6 24 38 14 19
24 72 6 27 47 20 25 21 22 60 23 18 21 4 31 25 18
3 80 10 23 4 88 9 12 15 20 31 75 1 27 32 22 7
37 4 2 21 13 26 13 18 25 36 7 24 30 7 7 18 16
7 26 5 49 26 89 47 6 25 12 25 16 3 12 57 24 30
11 35 11 35 53 19 3 90 28 25 57 19 22 24 89 48 26
31 2 34 2 11 5 2 20 26 14 26 32 7 16 29 39 24
11 15 10 12 8 3 7 10 59 8 79 22 6 9 14 3 3
30 9 12 96 13 29 12 43 19 19 15 6 10 75 1 9 85
25 2 16 9 34 47 34 15 25 7 27 49 5 38 42 22 80
9 27 14 40 87 56 22 7 4 1 2 17 30 14 1 39 21
45 28 14 10 16 56 15 3 19 64 3 20 14 4 5 22 37
11 14 52 36 4 22 26 28 30 13 22 14 20 24 21 84 6
6 16 31 26 7 14 16 8 28 15 27 7 36 33 29 34 32
61 1 7 8 7 47 17 16 25 64 26 9 2 14 24 37 28
13 24 3 7 14 6 12 6 25 9 37 19 28 9 26 1 17
8 4 25 44 11 30 12 80 15 9 61 19 24 5 20 1 9
38 13 81 30 16 59 25 7 4 27 27 25 10 81 69 40 13
7 17 17 33 29 5 61 79 20 37 7 28 13 62 29 21 32
14 1 51 21 11 2 25 23 27 82 6 2 4 20 86 66 63
7 5 23 18 18 3 2 23 22 40 34 63 6 14 77 15 35
16 14 27 3 18 1 22 11 20 36 10 10 5 30 20 22 16
6 21 2 26 16 4 36 8 17 15 12 21 4 3 24 12 30
4 29 5 84 35 30 17 66 8 90 15 84 9 8 8 12 14
8 25 13 36 4 21 27 10 55 39 16 6 86 94 50 37 9
18 1 27 22 44 10 23 1 35 39 71 1 2 3 32 19 25
23 11 39 51 14 26 22 53 34 28 20 23 85 29 83 38 22
1 28 21 23 1 15 82 18 16 5 7 26 34 68 23 12 7
16 25 42 29 15 9 22 17 12 31 24 1 36 38 12 4 11
52 22 29 34 77 32 30 32 61 15 38 1 48 3 19 22 9
38 16 70 5 29 91 27 24 24 7 10 19 4 31 5 19 4
21 7 9 28 13 16 19 30 83 4 89 25 17 22 3 27 83
3 26 4 20 74 10 22 15 23 39 88 7 13 24 14 2 13
39 4 36 38 71 22 12 2 28 7 14 6 19 31 56 40 8
20 17 21 10 26 14 15 47 25 86 12 14 28 39 31 17 80
34 21 51 38 23 23 29 30 14 15 29 83 28 25 18 18 15
9 24 15 2 5 20 17 18 55 5 40 76 2 28 74 26 40
52 26 3 19 5 2 27 9 30 53 6 22 20 19 4 20 90
20 96 17 21 22 13 3 29 21 16 51 25 39 79 4 26 6
76 18 4 6 2 26 12 28 38 28 5 3 17 25 1 30 27
37 12 35 29 26 6 75 24 9 19 3 1 32 22 12 13 11
14 35 20 37 26 3 12 8 37 30 10 10 74 12 23 23 18
76 23 9 4 12 20 16 33 19 12 1 7 21 31 23 33 30
11 7 63 19 75 51 20 50 16 1 28 24 9 12 50 27 34
16 38 29 92 79 57 6 36 21 38 1 61 84 6 83 17 2
13 37 11 66 50 21 21 21 17 36 28 15 24 1 4 3 12
21 34 39 14 38 86 25 56 2 66 17 18 43 3 81 22 10
81 19 19 3 74 26 7 20 27 25 39 25 14 12 2 1 25
25 62 24 19 48 19 52 17 30 3 6 35 11 27 48 25 10
21 3 64 22 37 13 22 23 83 23 14 17 21 3 16 12 14
18 33 9 13 20 20 62 9 2 5 38 79 41 25 28 8 9
7 32 14 11 14 29 6 17 7 16 19 11 17 5 12 6 20
23 17 17 3 28 2 14 63 34 64 5 10 10 10 24 25 10
21 36 25 10 32 11 7 67 31 4 1 94 24 6 28 22 44
73 11 31 21 36 15 18 24 28 11 24 28 27 6 1 14 73
9 22 23 13 16 26 38 13 24 1 30 8 1 1 17 33 28
21 16 8 14 36 3 37 24 4 5 85 26 1 18 87 29 15
17 12 90 5 28 27 22 9 12 13 85 27 10 18 27 27 1
75 8 28 23 22 3 38 77 26 22 32 8 28 10 25 21 19
7 74 21 85 4 5 25 27 9 7 25 25 28 10 2 40 21
77 28 15 2 17 25 35 34 9 14 40 22 15 1 19 7 53
36 9 35 16 84 31 25 55 28 5 98 10 7 2 29 36 55
30 68 22 29 75 16 19 29 1 2 23 8 13 13 20 31 69
43 16 8 32 1 42 30 18 16 19 16 6 39 30 9 26 9
1 26 19 13 17 2 28 73 27 65 1 26 18 88 4 12 32
20 22 6 9 55 45 12 26 8 40 27 9 36 56 20 5 2
1 26 12 22 25 28 68 11 20 83 6 13 16 44 11 18 20
10 23 29 15 16 25 15 49 5 5 38 30 8 23 2 25 20
30 8 27 27 63 2 23 3 12 1 12 43 22 20 54 27 25
30 14 13 19 64 8 18 4 22 77 16 16 6 18 24 15 80
49 30 24 16 5 28 1 29 26 38 32 5 17 4 28 31 15
25 25 20 3 1 42 17 18 2 23 18 16 2 86 2 4 47
13 24 65 26 39 64 78 85 15 47 2 29 11 36 10 28 14
20 82 10 15 87 7 13 34 8 15 36 40 5 1 4 56 58
8 30 17 35 5 13 72 64 20 15 22 10 12 19 2 2 23
23 39 20 1 4 17 66 85 19 1 23 2 18 65 8 8 29
14 35 17 33 18 38 7 27 15 3 25 28 31 11 27 25 30
27 8 12 22 17 17 29 13 28 25 15 11 70 9 16 25 87
17 3 1 8 14 20 12 8 90 8 71 4 2 8 29 25 2
15 31 82 29 31 19 56 16 17 11 5 27 9 3 32 20 67
30 17 68 16 28 2 10 23 21 22 28 15 77 11 8 43 14
38 16 6 9 18 6 11 24 35 2 29 19 26 6 4 11 20
15 14 12 36 36 18 37 24 4 3 12 1 21 44 47 78 1
11 4 14 68 6 31 10 42 30 13 31 15 25 6 66 35 60
17 19 19 1 6 18 17 37 9 28 6 30 13 5 7 15 28
20 11 20 4 48 14 72 39 6 7 18 32 4 37 35 28 29
12 23 25 80 25 19 1 6 20 36 37 7 17 19 10 24 37
7 16 14 10 12 25 8 50 17 7 26 6 25 72 35 7 19
11 3 8 68 5 19 27 13 16 15 24 35 11 24 3 20 9
18 12 5 6 30 87 56 8 23 23 16 33 8 85 3 1 18
5 9 55 25 10 76 15 26 12 27 74 9 25 86 71 7 6
7 22 65 24 22 38 25 25 14 71 18 68 23 23 23 28 35
23 40 36 21 74 13 38 3 9 19 2 29 16 20 20 80 16
2 4 11 19 18 8 5 28 20 73 7 17 19 54 5 9 37
6 86 8 20 14 30 18 18 16 35 22 37 4 9 27 3 1
17 25 67 26 29 33 17 6 22 10 6 33 44 4 11 18 29
13 13 82 11 13 19 28 11 30 35 22 77 4 3 2 23 73
3 30 19 1 27 89 2 11 12 50 1 18 87 48 26 25 3
25 14 65 30 18 1 23 26 26 27 29 37 52 20 2 70 7
29 23 10 3 27 8 92 15 11 14 3 37 9 20 11 15 29
18 8 16 28 35 23 37 21 2 11 24 23 15 34 2 15 13
71 89 14 24 8 88 13 13 30 27 23 26 26 26 27 26 89
30 81 5 25 50 3 30 18 6 2 34 29 31 12 16 3 27
68 26 29 13 2 39 25 37 39 19 12 7 14 21 18 8 20
14 25 79 8 28 6 5 25 28 4 19 16 17 28 4 4 5
30 18 17 19 50 30 9 11 5 15 29 3 3 55 22 58 29
28 40 13 32 31 76 29 24 5 6 22 25 10 22 23 15 26
84 38 22 20 8 34 60 13 64 4 3 77 10 45 26 38 83
18 18 74 23 31 9 3 12 10 7 22 9 23 15 6 5 18
21 32 4 19 33 3 21 8 34 23 12 6 33 40 20 88 22
13 13 35 24 6 20 97 60 11 6 30 1 5 15 77 27 14
10 18 22 12 7 6 6 13 16 10 24 3 25 26 12 1 12
27 1 30 16 17 76 85 26 30 1 10 16 12 6 4 30 4
20 4 24 11 57 7 77 24 17 3 5 87 78 16 31 24 20
32 9 10 17 24 35 26 28 4 10 31 3 22 58 2 29 8
29 14 23 16 10 89 26 17 8 16 52 21 42 18 17 1 13
23 39 18 22 10 36 35 8 17 56 16 25 13 40 40 7 27
27 36 8 12 28 2 1 24 23 18 20 15 6 59 97 21 20
84 47 22 20 21 11 80 86 30 1 18 2 9 22 21 15 57
17 1 9 23 10 9 12 18 6 19 15 8 39 11 36 8 23
28 33 1 23 26 23 10 28 30 18 4 8 79 17 35 25 2
36 23 13 20 5 40 18 22 15 23 46 6 28 8 30 10 52
31 32 7 3 16 17 60 20 26 39 10 18 21 85 17 1 13
15 7 21 20 17 10 6 35 9 3 15 19 21 86 21 49 29
23 16 73 11 8 16 60 21 20 27 22 3 65 45 12 5 1
20 58 14 26 18 9 23 17 29 4 6 9 30 16 23 7 27
3 23 12 1 11 25 10 30 5 25 18 67 64 85 18 87 32
18 27 3 64 17 14 75 1 21 27 63 27 21 13 27 2 10
9 20 27 40 1 54 10 16 22 23 68 10 39 8 29 77 19
21 68 19 10 6 20 7 39 6 61 40 2 61 1 3 33 10
70 50 23 24 4 89 37 11 25 19 17 7 27 20 10 21 14
56 36 2 39 7 21 41 33 13 5 7 24 21 38 26 24 52
8 13 4 8 5 3 24 45 4 6 21 7 32 3 24 21 11
8 30 36 57 9 26 1 19 30 24 24 6 14 6 11 2 28
29 77 10 8 18 27 18 81 22 10 3 20 23 7 24 31 28
11 37 33 2 19 10 4 17 1 68 29 14 20 8 19 86 4
5 10 13 18 4 31 27 9 29 2 42 16 37 3 24 31 37
15 2 55 45 18 26 8 2 4 41 30 68 16 19 29 18 61
2 15 48 9 20 21 6 26 36 19 27 19 81 1 27 2 1
16 50 13 7 1 86 23 5 32 30 20 83 25 55 15 9 2
52 15 30 9 23 11 11 11 8 18 42 20 3 23 9 17 8
7 2 21 23 33 2 12 25 32 1 20 21 21 7 3 18 35
20 12 45 11 13 61 25 7 84 13 3 19 9 27 85 3 54
27 25 25 3 30 7 9 96 73 5 3 1 15 4 23 21 7
2 59 4 11 25 14 7 84 4 10 13 29 23 27 18 14 6
25 18 34 37 29 27 14 19 15 12 7 77 21 6 13 2 27
