40 27 33
9 26 29 40 22 9 9 13 3 6 75 59 28 14 21 13 22 44 56 21 22 21 22 22 21 24 6
4 33 1 44 6 93 14 8 18 16 40 30 26 49 52 80 78 11 36 21 40 5 10 70 18 23 12
6 33 16 20 6 18 9 59 8 19 48 75 16 12 2 4 25 31 82 5 3 25 9 71 14 5 86
37 63 37 25 30 1 50 23 27 20 28 22 22 38 4 6 25 11 30 13 32 10 8 34 15 26 1
8 33 4 9 37 12 30 71 2 47 11 20 12 26 5 8 23 24 29 17 2 16 2 23 10 3 3
23 37 57 28 26 11 18 24 7 10 21 2 13 9 30 18 44 76 17 29 27 80 8 30 10 33 5
26 97 55 12 14 1 15 18 23 15 6 39 17 4 8 4 78 2 26 1 82 4 19 81 27 28 71
8 22 22 21 32 19 53 22 29 11 19 3 4 32 8 20 24 10 74 27 5 18 18 33 5 2 18
7 72 15 25 4 11 30 25 26 23 10 1 46 9 40 11 5 59 1 16 30 3 19 15 56 18 25
24 3 13 5 30 27 21 36 22 8 9 5 12 39 12 17 56 2 4 12 9 27 23 13 9 55 8
8 62 69 31 3 26 15 27 18 81 1 1 30 25 27 25 18 40 41 22 14 72 3 5 23 3 2
30 31 54 29 17 18 31 18 7 12 44 26 48 18 2 14 28 25 45 18 30 23 73 25 26 35 15
21 28 13 19 21 66 14 8 27 42 19 26 3 11 25 45 41 60 23 34 33 6 14 20 31 25 19
4 3 22 62 6 81 29 6 33 28 24 34 3 25 3 34 41 5 22 36 89 19 11 10 9 26 39
16 15 39 8 12 10 28 7 90 49 5 11 32 23 7 2 10 34 2 27 36 3 8 4 24 5 20
5 72 32 25 13 77 3 58 30 13 34 29 25 3 15 3 18 57 25 11 12 28 3 25 47 11 84
7 31 28 22 13 27 11 1 78 70 14 7 27 19 20 16 18 31 14 14 51 8 28 12 23 63 13
19 6 11 85 9 28 15 23 27 23 26 10 14 21 56 14 1 39 7 25 40 58 40 27 3 2 11
57 6 9 11 6 26 26 80 16 9 11 89 19 62 70 14 27 30 17 5 26 4 49 18 13 8 11
26 11 15 21 9 5 80 2 8 16 49 16 1 4 10 29 3 4 30 40 10 7 4 23 5 85 11
9 12 15 1 68 6 21 67 17 11 32 11 26 29 16 4 35 7 16 4 61 22 90 28 67 7 23
73 79 8 37 26 27 2 1 31 5 21 17 29 38 5 34 55 29 77 59 24 5 13 78 13 16 49
13 38 7 21 1 21 6 73 8 7 8 40 31 6 27 25 76 6 34 17 30 20 17 11 31 4 7
44 10 99 26 16 25 25 4 53 28 13 22 17 26 23 6 28 41 31 45 14 83 4 11 2 25 11
8 24 18 2 36 57 72 58 17 39 3 3 9 12 22 20 30 65 3 11 30 17 89 24 54 12 22
66 19 14 82 2 72 3 32 6 83 19 26 19 8 29 28 6 3 30 30 18 32 89 29 1 6 7
87 14 8 11 19 3 15 29 8 3 52 55 70 34 8 9 24 53 9 52 27 28 99 29 16 52 26
32 28 13 10 29 23 20 18 28 10 9 23 37 27 23 27 40 7 61 36 39 19 15 21 92 14 23
7 4 7 1 12 31 52 27 28 87 6 58 21 30 30 75 32 33 1 6 15 18 13 24 8 20 6
6 4 17 16 16 28 33 1 26 18 6 28 25 26 19 30 9 19 89 60 30 45 69 12 5 57 8
8 50 13 23 22 15 73 27 12 12 43 8 13 1 5 34 2 75 78 21 17 30 35 38 3 55 1
63 12 2 18 26 2 19 30 22 88 43 2 25 7 1 81 19 31 13 1 32 25 13 11 11 26 11
32 44 2 55 7 15 2 19 14 2 15 21 23 27 22 22 15 17 16 19 4 84 21 31 36 19 17
59 24 12 45 16 7 16 31 31 9 38 82 22 12 24 56 26 37 35 29 30 15 16 2 22 7 25
3 19 8 6 32 19 55 15 4 19 26 1 30 32 62 67 21 28 12 26 19 29 68 19 41 23 7
1 27 40 83 31 16 2 69 32 17 72 20 74 30 46 22 16 22 3 30 44 58 28 14 6 31 8
30 11 10 7 35 93 53 23 18 26 25 2 10 29 24 18 38 24 23 18 6 2 28 21 13 4 7
12 7 22 28 24 26 27 13 57 18 7 25 22 24 23 6 6 59 17 78 76 14 25 28 50 9 16
4 30 26 18 13 57 10 28 5 15 6 24 24 97 2 7 20 23 1 8 5 23 13 4 16 19 52
82 26 19 47 7 8 56 47 88 7 20 66 19 25 54 23 28 29 10 30 14 26 64 87 11 3 32
16 28 78 24 34 15 1 8 30 4 16 36 30 22 83 23 12 18 17 64 20 21 26 13 22 21 30
28 31 25 18 82 24 11 19 24 49 22 16 28 16 6 20 30 20 13 7 26 31 38 11 33 16 34
29 33 17 13 4 4 1 17 3 10 27 10 75 36 33 20 72 12 8 29 90 14 32 75 25 20 24
29 25 36 9 41 19 16 13 14 29 25 14 21 28 70 12 17 4 19 25 8 10 76 14 81 18 37
45 51 76 29 48 10 22 3 44 6 25 15 74 27 21 54 30 2 40 3 21 61 14 1 25 14 99
72 6 5 19 1 3 10 38 6 30 25 4 27 15 52 14 28 58 26 35 29 12 27 27 32 9 7
3 14 4 19 22 5 13 25 28 19 19 14 29 25 17 10 3 24 13 24 33 16 9 6 26 1 9
15 21 3 8 9 18 75 40 38 13 30 23 13 81 25 69 30 49 1 10 20 26 15 25 15 30 21
3 18 31 19 5 28 62 9 17 60 15 35 2 38 30 26 85 6 13 6 15 28 16 27 35 28 78
48 54 59 78 86 23 8 11 20 15 74 4 2 53 23 24 13 3 16 53 3 16 22 17 82 7 19
19 27 24 25 22 1 25 30 3 25 88 20 9 16 17 3 39 84 77 27 16 11 26 29 74 10 40
13 2 8 14 9 18 25 29 26 11 42 13 30 14 5 58 17 27 5 60 8 10 6 34 21 21 23
48 31 82 31 100 11 89 4 4 11 3 26 14 22 15 20 8 82 3 9 5 24 6 18 18 80 12
3 7 44 11 12 2 20 65 6 20 8 20 20 25 49 65 9 1 17 23 16 7 13 22 26 4 21
76 20 5 6 7 64 16 2 30 55 28 15 5 43 26 18 27 22 26 24 32 23 43 31 19 30 28
38 76 37 81 72 17 39 18 20 10 10 29 26 16 10 17 22 2 7 28 14 3 17 19 18 16 5
76 20 16 26 19 29 64 26 20 25 60 15 19 29 30 80 25 46 22 19 82 27 80 29 23 11 41
9 4 11 26 21 30 8 23 81 27 2 26 27 9 16 27 89 69 28 33 34 91 23 22 13 6 22
5 12 25 18 54 8 3 20 15 22 17 24 17 9 18 9 3 15 17 21 3 20 1 22 14 14 45
3 31 14 25 30 65 10 56 2 17 26 6 27 42 11 22 71 12 45 13 22 11 10 6 38 20 42
22 82 20 1 87 60 16 28 70 3 27 8 72 15 19 6 5 7 92 22 28 19 17 28 17 32 22
35 25 38 13 4 38 38 31 3 34 24 10 22 25 30 37 12 16 14 16 22 25 29 6 1 39 20
20 1 10 7 8 29 31 6 28 26 16 10 4 50 5 36 13 1 33 8 4 9 75 28 3 14 6
22 28 12 13 14 21 15 84 8 24 1 1 18 17 13 19 9 23 26 23 1 29 24 33 40 26 70
3 30 37 26 28 2 66 11 82 17 18 12 8 33 33 8 26 30 23 58 26 38 79 83 25 37 38
62 27 14 10 9 22 12 29 15 7 20 39 34 30 6 2 23 6 31 9 16 28 6 13 39 80 16
27 2 7 6 1 18 9 10 25 27 4 1 40 11 14 21 20 72 11 14 33 82 59 7 29 11 47
89 1 80 36 20 30 29 28 18 28 28 20 28 26 80 22 29 27 1 2 14 7 7 15 23 76 5
26 35 13 29 10 59 16 8 14 67 22 25 10 28 29 4 9 18 41 18 17 13 21 10 50 85 26
23 43 25 14 31 23 77 35 25 13 5 4 11 17 81 17 14 11 30 84 10 9 26 1 15 31 19
11 12 37 9 19 55 14 23 25 16 29 1 10 30 4 25 11 19 20 3 9 12 12 27 22 2 5
22 11 8 15 26 19 21 12 17 31 2 2 35 7 4 69 83 19 26 19 26 17 15 11 19 12 25
3 1 15 17 1 8 18 1 65 52 10 47 4 49 60 37 28 3 17 28 3 17 40 3 29 13 62
70 21 20 3 30 89 3 21 19 60 13 40 11 5 90 27 23 65 4 20 28 18 13 17 22 5 19
20 16 11 81 3 21 19 4 3 24 12 2 1 2 48 17 65 35 24 21 16 30 38 28 25 31 6
32 17 23 16 12 46 40 5 2 3 41 40 4 9 34 80 50 23 13 22 37 27 68 14 4 28 6
42 17 12 9 33 58 9 24 30 15 30 3 25 27 7 2 9 25 20 14 35 15 52 16 4 71 26
30 50 23 25 23 43 9 19 15 23 22 5 6 4 25 4 7 89 20 19 5 26 2 10 18 1 13
16 26 13 17 4 9 69 10 30 14 22 16 19 17 13 21 6 7 30 12 26 2 9 26 2 11 5
2 40 97 13 24 3 27 6 13 23 4 35 24 85 26 18 37 22 2 19 56 10 11 5 20 20 20
2 2 96 27 24 19 17 15 29 76 1 9 34 19 26 26 23 20 23 6 2 27 68 20 24 89 23
22 24 15 15 19 2 5 6 85 27 21 52 24 8 19 28 15 30 13 14 21 67 11 23 3 8 27
26 18 87 28 18 15 28 37 3 19 18 1 5 22 4 7 18 16 37 24 19 13 42 37 40 18 23
24 37 17 20 21 52 18 19 8 2 76 21 29 16 37 14 27 6 12 10 14 89 18 23 13 20 6
16 10 33 22 21 2 10 2 3 18 24 6 21 64 21 12 24 48 10 40 13 25 19 27 22 67 12
13 44 3 22 2 24 27 31 13 10 3 22 14 23 69 18 3 28 43 62 13 74 23 24 40 11 29
22 6 31 13 16 1 5 39 21 29 9 28 3 26 33 18 27 11 74 18 5 11 19 29 15 11 17
10 8 13 43 26 17 21 33 30 85 26 8 8 11 26 29 12 86 17 22 3 23 24 18 21 45 13
6 13 16 2 4 4 39 7 25 69 38 24 10 31 19 27 19 3 20 33 17 19 23 24 57 9 33
26 3 20 1 25 21 3 7 9 18 1 12 21 37 3 20 9 33 20 22 2 26 2 69 1 20 22
16 68 28 30 7 5 23 12 29 4 25 4 24 22 54 8 2 16 9 18 17 16 30 39 21 16 27
3 13 25 22 7 2 17 16 37 33 8 1 7 11 2 13 19 25 1 26 29 16 89 5 20 12 3
42 13 9 16 28 14 11 11 6 30 18 59 25 24 60 23 39 16 88 12 20 5 2 16 30 15 5
65 11 26 23 13 13 21 17 15 26 10 3 12 19 11 5 13 13 19 17 53 14 18 27 7 16 10
53 3 15 28 88 15 10 10 36 7 26 18 19 37 25 25 13 28 15 23 11 6 19 67 26 10 34
66 73 9 22 16 4 13 25 80 1 9 19 18 3 8 15 6 27 23 13 20 49 30 21 39 21 6
4 60 16 13 10 7 25 19 4 30 2 2 23 5 30 24 30 15 16 7 11 16 38 23 36 64 2
16 30 15 25 38 7 71 18 30 38 6 15 26 77 6 23 10 9 24 28 22 27 14 22 27 4 2
1 3 2 47 18 46 20 19 47 30 24 26 2 10 2 3 48 24 64 27 18 51 19 4 19 28 76
19 9 25 2 17 1 19 40 16 19 23 2 28 1 15 11 21 34 11 1 20 49 5 3 69 82 22
6 24 77 4 17 60 16 8 65 24 3 4 2 2 20 42 6 29 39 11 30 14 20 30 27 2 9
6 4 44 25 58 9 26 10 29 78 5 21 7 26 10 4 54 21 32 17 35 13 10 40 13 3 75
28 72 13 44 14 1 22 21 33 42 6 6 24 13 13 2 43 45 26 56 87 2 8 28 51 4 77
53 72 32 9 16 7 55 19 12 30 11 23 22 4 8 3 12 4 40 17 40 10 9 36 14 23 30
40 20 26 50 42 9 89 13 9 39 34 23 59 76 6 13 1 17 24 11 22 18 8 15 68 31 20
12 8 11 21 83 23 27 27 22 28 15 27 28 8 40 18 20 83 9 38 24 1 2 29 19 21 76
6 12 28 9 14 20 6 87 8 8 13 15 20 5 25 34 19 83 26 1 15 16 24 21 73 26 8
29 11 26 9 22 69 25 10 20 19 15 39 29 5 69 8 18 6 16 22 20 24 16 36 13 24 16
33 20 9 23 79 3 72 2 12 65 6 16 30 7 13 18 6 4 37 23 5 74 24 11 2 19 33
18 63 1 17 28 13 7 4 17 89 42 19 4 4 31 12 18 35 85 13 23 8 35 38 32 37 78
27 9 7 75 24 17 18 7 11 8 18 23 13 26 12 21 5 65 2 35 17 25 10 9 56 24 11
74 65 29 10 40 15 8 23 10 9 56 32 28 3 10 11 84 26 23 51 23 64 30 19 23 20 2
11 23 73 12 9 15 2 7 32 53 34 36 24 18 35 27 6 12 1 25 93 5 14 18 3 12 3
10 28 38 17 8 15 27 16 26 83 25 2 6 23 43 4 5 8 26 29 7 52 22 27 8 1 24
9 72 5 11 8 32 38 7 6 31 8 4 13 75 27 24 8 37 28 16 11 1 28 15 18 97 23
16 47 30 11 10 22 17 81 58 32 4 48 67 17 25 32 29 44 39 39 68 32 84 14 57 40 33
25 25 5 16 25 68 25 18 22 63 21 18 1 86 29 17 49 20 38 68 7 16 17 28 4 19 64
13 16 30 20 7 34 11 19 12 9 11 21 13 7 16 15 65 17 14 70 50 14 89 10 51 37 24
36 40 13 20 88 10 2 31 65 45 43 8 38 14 28 29 6 26 57 20 17 38 4 9 34 19 1
25 8 1 6 9 25 39 37 2 20 17 28 21 22 18 21 20 30 11 19 34 80 12 13 30 40 4
17 22 4 30 48 36 13 11 21 37 9 26 34 18 14 8 20 15 4 22 5 14 8 3 18 2 8
57 6 7 24 76 1 24 11 65 6 2 26 64 4 30 1 19 13 25 6 26 32 17 16 15 77 13
43 22 39 10 48 11 27 86 26 12 23 19 6 8 18 12 25 16 6 14 17 16 24 16 7 69 37
25 24 6 18 1 16 1 82 11 29 13 6 17 32 13 27 13 18 21 51 2 14 87 14 7 60 8
63 20 17 7 44 20 29 10 19 26 9 88 24 14 10 12 14 17 23 84 5 18 1 12 4 70 8
6 4 24 16 22 70 90 53 67 23 55 25 18 7 11 15 40 4 87 6 27 30 29 79 27 2 6
23 54 19 36 29 29 59 43 12 64 30 84 26 89 18 15 14 22 22 2 24 24 52 15 1 69 1
23 2 3 79 27 2 15 5 2 20 39 85 10 11 14 8 63 11 27 20 1 7 15 27 31 18 1
36 6 23 40 30 19 16 5 82 11 25 26 13 5 25 38 4 6 12 1 17 13 11 28 57 25 20
53 4 17 1 27 7 10 14 16 18 12 39 9 7 30 42 24 29 7 21 18 7 21 28 16 26 3
28 13 3 21 24 24 22 82 5 17 14 7 11 16 2 13 24 7 34 54 19 14 78 13 25 21 3
30 6 20 29 8 7 25 29 5 85 1 35 26 6 5 36 23 36 10 4 25 27 23 28 5 4 8
38 4 33 22 25 33 7 47 25 36 23 38 8 32 9 38 25 70 29 14 56 19 8 19 10 2 13
23 24 28 18 13 22 12 5 21 25 30 1 8 10 5 29 72 41 5 25 26 50 8 41 10 23 5
15 26 9 2 29 24 27 11 30 14 19 28 26 17 6 33 17 15 26 23 28 62 6 16 17 25 5
21 6 34 15 27 18 19 3 10 16 36 5 16 14 8 12 30 30 6 18 30 8 39 26 5 26 85
71 30 20 4 24 39 10 23 17 17 33 44 17 6 19 12 29 4 32 1 22 21 20 6 31 2 12
4 3 21 6 4 23 10 19 30 10 5 10 14 8 72 60 18 5 7 29 2 22 9 16 12 30 17
1 68 26 19 26 39 29 41 16 12 5 28 28 80 25 21 19 64 80 17 34 2 21 20 2 28 23
38 75 27 26 38 41 28 23 27 11 3 19 12 80 56 52 19 32 36 86 19 21 85 21 40 88 21
37 16 1 10 5 32 30 16 19 27 13 66 13 74 30 17 23 5 54 57 1 36 19 36 54 17 75
19 5 15 29 45 37 17 13 15 8 13 77 18 22 3 16 10 3 46 20 42 16 2 23 23 19 34
10 28 21 17 19 2 33 13 10 14 37 5 26 50 11 13 6 4 16 25 30 85 47 25 1 7 16
8 30 20 3 1 7 6 11 16 26 18 22 12 29 18 27 81 68 17 20 80 26 33 31 4 32 24
27 24 55 51 13 63 6 8 18 20 14 3 17 19 19 9 20 21 54 24 61 2 29 2 6 33 1
5 67 3 30 39 46 12 90 11 1 3 21 51 79 17 23 88 77 9 19 34 4 11 22 26 28 6
39 50 84 57 54 31 28 21 3 30 32 13 5 24 18 4 16 28 73 11 22 30 30 13 42 11 11
29 33 16 8 23 38 6 21 18 37 23 23 26 15 14 16 28 23 28 10 26 28 3 3 66 30 9
40 17 30 2 1 79 70 47 10 24 28 4 24 28 26 8 17 1 15 24 33 24 16 23 35 20 3
11 19 84 30 15 4 17 2 55 5 11 31 16 29 17 13 16 33 15 10 22 87 24 20 16 19 18
11 30 2 16 17 35 26 12 5 7 27 11 16 8 14 43 9 14 54 14 19 40 2 6 23 38 20
41 1 24 36 4 2 14 75 18 28 23 22 18 69 80 27 85 30 9 5 5 77 16 22 2 90 19
14 35 30 3 10 8 1 6 30 23 25 28 2 18 25 4 32 1 4 37 19 36 19 29 12 23 27
13 22 38 39 11 4 8 9 28 29 25 37 15 26 1 56 10 20 9 29 13 12 36 28 21 6 39
39 19 1 25 16 45 1 35 29 11 19 2 22 2 27 13 24 38 32 40 17 16 17 2 2 30 7
27 2 83 19 24 4 19 36 1 3 38 5 29 7 5 7 26 16 15 38 27 23 38 22 7 1 50
36 23 29 5 55 85 22 8 45 17 19 15 37 8 26 22 6 68 10 17 16 89 15 28 14 21 10
43 4 13 28 81 27 30 13 25 7 23 27 32 5 17 16 28 35 64 24 38 22 1 2 3 45 21
11 7 78 23 21 9 19 23 12 19 24 12 64 4 17 52 86 24 7 15 13 26 28 35 32 22 30
29 25 28 19 5 3 94 27 86 66 22 14 26 9 12 45 35 2 21 89 75 28 17 30 23 25 75
18 13 10 29 25 7 3 8 7 14 35 17 10 28 53 11 1 18 15 50 87 2 78 39 13 27 31
9 5 11 5 2 9 30 24 39 26 7 7 9 36 8 24 15 18 19 33 26 5 14 18 1 1 26
25 85 26 22 9 2 22 11 79 19 38 19 3 27 18 26 12 6 47 6 22 3 35 11 16 19 9
9 27 27 7 88 23 26 19 14 6 35 80 89 22 43 32 23 27 15 26 85 83 28 20 30 8 84
29 17 4 7 23 38 47 26 10 47 62 58 29 1 4 8 8 6 28 50 6 1 24 2 13 6 20
25 29 22 26 5 27 13 3 36 25 8 31 21 11 17 9 19 14 10 25 14 24 20 20 6 42 20
4 30 13 12 21 36 36 57 8 7 30 5 1 7 61 30 8 5 13 13 38 4 27 11 22 6 21
26 4 14 1 21 28 4 14 37 7 33 17 13 15 20 20 21 11 19 26 10 26 25 12 15 15 30
63 8 5 85 19 33 8 4 22 3 48 7 32 20 9 16 18 36 23 27 4 16 22 20 6 9 19
22 36 19 36 37 19 4 58 11 19 9 29 25 25 2 22 1 7 8 5 37 14 17 21 1 24 10
38 24 56 34 7 2 24 26 89 29 44 22 14 33 15 46 3 6 24 2 10 32 27 3 20 38 7
29 4 25 12 1 65 30 14 17 1 24 84 9 4 20 31 62 21 8 20 11 40 13 38 30 33 21
18 36 8 3 22 60 23 28 26 21 18 6 28 40 99 17 3 17 23 5 15 24 3 21 6 29 12
7 26 30 28 9 21 25 28 31 21 9 14 21 6 31 24 65 29 10 17 27 46 6 41 12 10 13
5 15 88 12 27 19 9 18 38 2 38 6 19 3 38 25 29 18 19 4 10 4 3 28 29 7 35
2 23 89 17 8 63 23 80 31 21 16 6 47 5 1 14 2 18 2 14 8 8 46 22 86 27 17
8 27 37 14 16 3 27 7 23 15 12 34 12 22 30 47 12 1 34 29 73 15 23 43 2 20 7
41 21 24 12 17 17 53 90 58 5 58 5 10 41 16 7 5 7 22 19 23 27 4 14 18 19 55
53 1 27 11 1 74 84 78 12 21 14 11 28 15 20 3 24 24 1 17 35 24 26 9 21 13 3
11 7 14 15 14 20 32 20 3 16 5 34 31 13 8 28 4 10 28 34 32 23 8 62 71 14 9
10 14 16 32 6 15 18 3 21 67 22 38 28 2 40 36 14 4 15 25 27 29 52 21 78 70 22
9 19 9 16 7 75 27 1 93 27 21 1 9 17 60 4 29 24 2 16 2 21 23 15 22 25 9
12 34 36 45 40 70 85 2 24 96 13 36 67 3 26 29 28 12 27 24 8 20 22 5 17 55 28
30 56 44 12 21 24 23 6 22 75 23 25 26 38 22 52 9 33 31 5 34 12 25 17 3 9 7
10 11 1 30 21 18 9 40 26 87 27 25 90 11 38 14 65 4 64 39 14 4 6 24 33 15 36
31 28 69 1 18 28 31 17 18 16 21 4 11 22 82 22 29 84 7 17 12 2 35 23 24 3 29
19 87 1 29 65 20 25 33 10 13 3 20 22 7 69 17 8 6 21 15 25 21 33 7 58 16 76
30 36 18 16 3 20 15 31 9 9 85 60 2 71 22 25 19 16 14 24 45 14 15 1 50 17 8
23 16 100 4 17 1 28 6 13 12 28 2 33 28 78 83 10 23 18 6 40 7 16 31 80 36 20
38 9 2 36 13 10 16 36 5 28 31 16 24 17 25 85 12 74 26 22 21 2 6 15 15 15 30
36 21 17 85 29 23 19 30 4 17 4 2 18 8 3 75 6 11 50 13 12 23 28 9 24 22 3
73 68 13 21 28 15 34 29 8 38 77 28 17 18 23 26 28 20 80 27 92 9 16 20 5 14 79
24 12 7 13 23 67 17 7 33 5 87 95 29 46 10 21 8 5 12 1 45 80 14 26 13 56 16
10 14 83 23 6 88 7 27 42 3 30 12 33 14 65 38 28 24 18 10 68 38 47 85 16 24 35
8 13 13 34 25 13 25 14 16 23 9 29 8 25 3 35 40 28 2 64 22 22 24 31 4 22 17
17 26 39 14 15 81 32 21 11 5 15 48 23 28 30 90 5 26 19 82 54 20 27 35 58 64 21
69 16 51 54 16 25 10 35 61 56 49 28 9 5 51 13 23 72 14 29 18 21 53 12 21 8 13
22 19 19 58 17 84 9 15 6 2 13 11 28 88 29 27 12 6 6 71 29 40 9 36 29 9 4
11 29 2 10 3 17 21 16 6 27 25 13 7 13 4 23 8 19 29 81 54 25 8 14 11 40 6
28 7 4 3 48 3 36 29 12 14 5 25 3 30 40 14 17 83 6 9 34 21 2 28 22 24 63
26 13 18 16 30 16 86 14 29 22 3 19 13 7 27 10 23 88 29 30 29 84 7 30 67 8 76
2 20 14 80 13 5 7 13 34 14 4 65 24 44 19 73 17 24 18 68 29 34 24 5 13 10 15
2 18 14 26 9 22 37 80 2 65 11 18 15 11 27 79 23 28 26 27 24 7 16 16 15 2 27
11 6 4 6 68 12 17 26 18 3 70 38 3 34 53 31 27 3 21 31 29 18 16 24 39 48 32
4 27 37 15 16 54 3 13 15 27 36 22 12 12 39 29 8 7 87 18 25 29 20 8 58 28 21
20 19 11 15 6 11 6 30 28 47 15 36 23 85 31 59 3 21 2 15 17 11 52 11 7 10 11
40 89 1 35 10 79 19 10 25 34 11 7 7 19 39 39 7 6 4 22 11 46 29 3 6 10 70
59 19 5 19 59 64 59 16 30 6 1 12 2 9 40 2 5 86 30 2 10 6 34 22 93 15 29
68 26 9 84 8 25 14 90 2 50 21 77 10 14 20 32 15 37 24 19 17 3 40 39 64 21 9
2 15 23 36 26 31 40 6 19 19 3 16 27 20 24 3 21 8 18 27 8 12 35 16 24 27 8
18 9 4 22 3 8 5 27 22 25 3 25 76 33 2 77 26 19 20 2 33 13 5 19 7 2 47
53 22 41 21 3 4 22 30 24 23 59 9 16 22 12 40 37 27 18 6 29 28 37 74 15 19 34
39 3 20 6 24 67 3 16 4 15 55 89 30 56 19 4 35 33 14 31 73 36 12 23 4 10 86
21 80 8 34 5 16 11 16 9 9 87 30 6 4 4 22 31 10 25 7 24 19 21 10 36 12 3
54 10 29 10 36 7 29 15 27 2 2 17 3 43 42 8 14 84 18 15 20 33 71 14 22 37 29
4 19 18 1 10 71 10 25 50 46 16 7 22 12 10 22 68 15 76 36 20 35 15 25 8 3 23
27 30 23 13 21 39 7 19 23 5 27 30 20 7 8 28 21 1 29 17 20 29 18 30 20 27 6
20 13 4 21 6 81 15 11 15 10 15 21 35 11 12 23 13 23 4 21 16 52 12 19 55 21 16
39 23 66 43 10 40 9 24 17 20 21 69 38 22 10 28 23 26 18 20 20 2 24 23 10 51 12
42 24 5 17 16 24 11 39 1 58 3 39 7 26 83 13 22 1 21 54 19 43 6 4 16 15 56
40 30 21 92 3 14 11 9 10 23 14 29 6 44 32 14 5 3 28 33 2 15 2 68 12 21 34
33 24 6 11 57 31 16 33 85 40 48 24 27 2 16 8 4 16 15 21 1 29 30 60 85 24 13
27 26 51 27 6 35 4 7 19 10 5 16 30 22 25 21 35 23 6 1 4 10 8 37 9 30 10
16 7 40 4 88 21 8 3 4 18 3 13 24 3 70 6 16 37 10 10 50 31 27 17 14 16 21
3 85 66 30 5 5 11 8 7 36 24 21 16 16 13 57 17 7 19 36 19 13 11 16 64 34 14
6 6 42 22 19 21 33 86 28 30 36 26 17 28 82 21 21 9 27 22 1 26 20 5 38 16 1
11 26 26 19 9 16 7 73 4 40 11 10 27 4 37 47 90 5 9 10 5 24 95 9 21 18 24
33 13 39 33 20 28 15 26 7 16 21 9 19 24 9 13 71 25 31 8 17 87 11 21 54 13 27
15 1 21 30 38 60 26 14 27 37 77 28 7 6 7 23 36 15 72 32 8 16 10 45 26 18 28
31 12 83 28 18 21 18 12 4 29 29 34 2 16 27 12 36 34 25 74 8 13 76 1 15 11 43
2 33 74 7 4 29 2 22 16 37 20 48 2 21 28 19 27 5 39 30 31 10 3 4 21 20 9
20 27 12 5 17 65 4 4 17 2 19 29 16 62 28 8 25 47 20 14 19 6 9 7 11 40 35
34 14 3 25 22 29 44 8 30 27 12 1 17 1 78 21 10 53 6 39 19 23 23 7 20 7 79
12 28 78 42 1 23 1 32 20 11 22 25 40 65 60 29 5 39 11 3 2 16 24 14 2 38 25
12 23 24 16 74 58 23 12 16 25 2 85 2 29 38 5 13 47 19 61 22 9 19 40 52 13 15
27 18 25 30 13 29 86 26 21 24 29 12 12 13 17 1 19 6 6 31 7 25 9 16 33 35 30
19 68 2 2 19 5 55 14 13 19 12 61 6 5 5 11 63 20 9 36 15 22 24 68 21 3 7
9 29 12 14 16 36 27 27 18 29 24 12 7 44 28 28 20 2 32 99 4 18 15 15 22 37 11
28 4 8 22 20 15 7 24 19 75 13 84 5 40 14 16 35 4 4 19 19 27 19 29 1 16 21
33 18 25 15 6 76 28 1 39 70 5 13 4 19 13 11 26 7 27 9 9 1 28 22 29 17 8
26 28 28 29 25 7 25 8 18 9 54 17 21 20 24 7 30 27 30 6 20 24 26 92 78 23 27
10 84 56 41 6 28 27 18 36 43 61 57 1 20 14 7 59 5 18 66 27 21 53 6 7 16 20
10 24 69 29 29 63 20 12 59 13 24 11 6 3 1 31 47 38 21 33 3 24 7 24 26 52 4
29 8 29 30 7 30 26 27 18 97 43 16 6 20 18 4 35 21 12 27 14 37 29 1 64 84 90
17 69 18 30 5 6 38 1 27 39 3 24 11 1 24 11 9 88 29 47 8 11 28 83 7 65 7
35 30 24 10 6 18 1 13 10 12 27 8 8 5 9 19 4 15 15 18 18 12 5 1 22 38 21
66 17 7 76 53 23 5 4 22 82 5 8 3 15 3 34 5 37 31 6 3 2 1 38 12 7 30
23 39 9 18 14 17 38 36 64 11 43 6 30 11 6 26 2 3 24 22 28 2 40 82 2 33 33
28 9 29 2 38 62 31 26 20 23 19 27 5 9 85 65 13 49 8 80 37 43 15 26 14 13 10
19 3 22 14 39 98 34 13 11 84 88 6 27 29 43 27 20 12 17 40 50 18 26 8 7 21 30
58 14 39 11 15 34 19 20 3 29 18 8 1 6 17 16 30 21 12 32 9 11 70 29 37 3 16
15 33 69 21 18 20 14 28 17 79 21 5 5 24 2 24 21 2 18 57 19 2 30 22 17 13 22
54 5 41 25 88 13 23 21 76 62 29 21 59 4 28 21 4 2 40 24 4 8 3 60 38 18 43
38 24 1 85 20 37 29 15 4 6 85 30 30 15 21 5 5 38 32 16 22 12 5 20 2 16 23
59 6 5 25 17 5 26 26 28 8 72 23 19 11 26 19 18 17 1 10 1 4 9 6 12 59 20
14 3 3 8 19 21 25 21 16 5 3 4 85 10 28 23 12 49 30 47 28 28 25 11 29 10 20
30 58 25 3 37 27 65 6 23 16 4 19 38 22 31 39 88 52 1 44 1 8 7 6 32 16 31
37 19 18 8 7 20 15 58 7 17 6 65 16 64 16 38 9 13 18 14 56 34 8 12 27 1 4
16 25 5 10 14 18 22 10 30 17 18 2 81 67 11 15 84 11 21 5 17 6 19 22 10 70 5
2 36 24 21 8 1 10 6 30 61 25 8 23 81 70 37 54 8 2 5 13 16 25 32 5 64 8
22 6 24 2 18 17 8 58 13 20 21 23 30 17 12 27 23 27 22 30 72 10 26 59 18 7 10
4 23 6 2 18 83 74 30 10 14 30 19 20 41 20 22 78 17 67 16 14 15 49 1 12 10 38
29 34 3 24 1 73 35 20 50 2 27 12 15 12 19 35 21 27 17 47 5 6 12 20 17 26 28
10 28 10 16 22 7 86 38 24 24 22 19 54 54 12 1 15 48 8 12 12 72 29 40 15 61 25
15 7 1 47 21 24 2 35 2 28 6 58 86 11 12 19 12 30 7 8 27 24 31 23 1 15 52
86 28 46 15 48 40 2 30 16 18 79 14 65 49 21 7 5 20 31 27 26 22 13 13 12 7 26
8 17 17 15 23 12 70 46 84 12 17 20 7 23 26 34 1 21 17 84 12 10 4 30 79 6 20
79 10 11 23 24 57 28 25 1 27 7 30 16 18 13 31 30 8 84 6 14 24 22 19 9 33 1
69 82 38 27 4 43 29 89 21 41 33 2 7 29 17 24 6 10 11 61 26 9 19 27 25 15 17
12 2 14 7 9 73 5 13 29 56 72 19 24 30 29 23 31 33 22 40 21 35 24 17 1 14 12
8 18 1 36 25 6 1 5 30 41 15 27 6 32 5 20 2 16 23 16 2 35 73 11 36 8 7
15 11 29 35 18 39 9 26 16 27 18 9 32 16 2 28 46 58 9 20 20 72 57 82 25 7 28
11 8 9 38 7 15 15 26 38 13 2 6 20 7 30 30 4 21 25 20 16 27 29 7 37 12 1
51 7 15 10 20 11 28 7 18 47 7 24 62 36 1 8 15 21 6 28 9 25 16 14 16 1 6
85 9 3 48 4 52 1 20 1 26 89 27 26 32 22 11 23 7 9 4 21 40 1 16 39 13 8
14 1 17 6 28 12 52 7 20 24 8 18 9 26 9 5 16 35 14 1 17 26 21 9 1 58 11
46 2 37 29 23 6 100 11 16 21 29 4 25 58 24 2 28 8 6 77 56 1 3 16 34 53 39
15 26 30 8 38 38 33 1 9 25 27 22 12 5 2 8 22 93 87 25 29 1 23 16 6 14 30
18 10 31 19 11 9 65 37 29 27 24 36 30 28 17 90 26 29 30 29 58 24 15 2 2 48 68
9 57 6 21 25 1 39 6 17 27 25 47 11 73 3 24 2 24 15 5 25 6 29 28 22 28 6
7 58 7 20 9 46 3 77 3 25 3 1 20 14 21 8 23 29 63 22 13 34 37 8 30 7 1
26 39 10 33 21 23 25 2 57 25 15 20 13 8 32 6 83 18 17 12 12 42 32 12 39 27 23
22 28 87 9 10 10 33 22 31 37 14 20 6 22 17 69 19 64 21 29 7 9 6 29 5 3 8
25 26 55 77 60 4 14 6 10 5 6 8 32 21 15 22 29 16 20 53 14 40 25 2 8 18 4
20 8 3 3 26 38 39 7 31 7 26 19 9 4 37 22 4 10 44 28 28 31 26 58 26 6 26
6 29 10 24 6 23 14 28 8 21 22 11 79 27 10 4 78 5 1 27 42 8 16 3 4 69 27
48 31 15 27 45 24 18 33 29 5 8 14 29 14 22 85 9 12 6 28 23 18 9 47 1 7 20
3 70 27 14 5 23 15 8 29 27 27 15 9 20 7 30 21 11 29 80 1 4 20 8 62 14 5
17 7 11 6 2 22 9 16 18 26 31 13 6 5 65 10 21 26 5 12 82 2 6 29 2 12 4
46 31 30 15 33 30 30 3 22 27 16 73 14 24 7 15 20 27 26 17 19 16 35 21 11 9 2
18 6 2 36 10 28 65 80 35 16 31 22 9 78 1 27 21 20 19 28 1 10 32 11 19 68 37
26 90 30 5 33 16 5 26 39 12 10 11 7 9 19 25 14 5 8 32 36 6 7 9 10 49 21
56 29 30 21 25 12 12 8 20 74 24 33 16 18 12 60 39 22 45 3 37 15 10 7 46 25 12
13 8 17 2 4 33 19 8 3 20 89 9 69 5 16 20 53 13 19 4 86 25 9 60 29 20 20
10 11 22 11 72 46 88 31 22 6 19 87 27 25 85 15 28 57 64 73 83 23 36 17 13 8 30
37 5 17 2 25 26 27 8 21 11 1 7 12 37 6 41 19 1 3 1 22 14 10 11 26 39 12
47 30 1 28 56 89 93 20 16 3 6 28 25 28 80 1 12 8 21 6 4 6 23 2 1 42 55
87 30 89 33 16 19 5 8 26 6 23 73 2 84 64 15 8 9 77 30 3 25 88 12 16 57 75
52 14 9 39 8 23 23 12 43 30 13 27 2 17 21 29 94 11 14 27 8 13 8 22 37 1 20
46 65 30 3 15 1 29 55 24 1 9 5 1 23 23 28 29 19 20 45 35 8 23 37 13 23 17
12 21 7 7 73 41 56 18 19 13 13 28 24 30 69 13 30 19 2 28 16 14 22 3 40 27 24
1 51 15 19 1 18 27 38 10 15 21 77 4 27 24 5 26 29 59 12 69 15 1 73 17 6 33
17 3 67 1 87 14 3 17 28 10 29 11 11 23 3 31 21 9 7 16 9 95 48 37 16 26 26
22 58 12 20 18 18 30 12 8 88 38 86 29 30 5 16 16 16 26 26 22 67 12 11 18 8 12
22 23 31 18 12 14 82 28 14 35 9 24 11 21 24 21 23 7 2 45 6 40 39 19 24 16 34
19 24 72 30 11 23 39 20 9 25 30 74 20 11 2 13 12 2 23 89 11 10 12 6 25 12 17
5 5 11 18 87 10 26 6 83 13 13 24 70 98 23 46 18 9 17 31 2 73 17 25 58 49 23
15 16 85 11 61 73 89 55 1 29 12 16 29 15 22 80 27 16 4 82 33 10 29 12 42 17 12
20 35 5 3 8 37 26 1 22 7 15 12 22 23 20 20 14 26 24 3 24 86 4 3 6 29 4
2 74 51 16 20 37 1 22 7 24 18 23 90 13 14 27 69 18 23 26 55 27 39 6 62 79 8
24 4 37 17 21 20 52 33 16 82 28 4 1 21 24 4 10 27 18 60 16 60 14 3 32 2 38
20 7 4 30 24 2 2 6 28 6 28 47 31 12 25 40 26 26 36 23 18 51 27 94 11 24 7
32 25 8 30 29 69 40 35 6 21 26 27 84 22 20 23 8 82 30 22 32 8 38 22 29 1 13
28 5 16 26 19 21 17 2 11 82 50 12 23 14 2 80 15 22 5 37 18 24 12 33 24 83 9
40 26 3 6 22 14 34 36 38 5 25 23 51 7 8 19 15 12 5 14 20 28 88 9 33 85 18
73 16 30 20 23 20 14 4 27 21 8 17 8 6 18 4 2 4 50 1 26 8 39 22 30 21 71
30 20 30 26 37 6 38 43 27 17 15 15 24 5 7 23 9 9 35 31 12 13 11 19 4 29 4
28 57 39 68 2 20 83 24 3 10 68 22 26 6 69 1 1 2 12 6 9 28 18 14 26 6 19
12 9 3 55 21 19 16 34 4 1 8 38 39 65 24 20 10 17 5 64 17 67 9 36 3 87 80
13 17 17 17 15 27 20 24 1 19 46 12 14 4 2 11 23 3 10 15 32 7 4 65 5 10 32
12 6 11 31 7 8 28 5 17 3 25 25 53 75 9 4 20 20 3 16 17 22 11 29 14 24 27
45 42 30 24 26 7 20 67 2 23 59 3 90 65 30 7 8 13 28 29 19 29 22 4 4 1 16
10 21 2 30 25 14 8 14 30 9 14 7 29 9 16 21 5 19 2 19 8 3 1 14 26 23 22
11 11 22 23 12 13 2 26 11 29 9 68 3 16 12 6 6 25 8 73 15 12 78 30 20 21 58
22 22 10 4 31 26 37 27 17 52 57 6 48 14 27 89 21 16 21 6 2 28 26 21 37 34 4
29 28 51 6 79 4 33 4 60 38 1 80 25 12 4 13 5 9 11 22 15 52 6 2 16 24 81
10 8 25 34 18 29 39 23 19 7 5 27 10 10 21 10 26 15 19 27 6 30 40 21 17 7 21
18 12 31 18 83 27 9 30 19 20 12 22 7 13 19 22 41 1 9 71 74 5 22 57 4 9 95
39 84 24 39 5 18 16 27 14 3 6 4 12 16 2 11 14 16 46 20 10 12 17 9 24 28 18
34 44 18 29 31 23 8 13 18 14 20 55 13 17 13 26 37 29 3 95 28 55 25 27 30 29 17
11 16 5 12 27 14 2 39 20 2 13 15 28 17 60 77 1 56 67 6 12 4 74 27 26 6 27
29 22 13 6 7 72 81 16 20 19 38 5 1 24 17 17 19 83 38 35 34 7 10 9 73 2 4
14 73 18 3 39 23 24 67 26 46 33 14 18 99 5 61 22 8 26 12 20 14 22 22 5 24 4
32 12 62 17 53 11 16 69 23 11 39 22 29 3 8 22 38 88 26 7 17 14 23 35 22 42 21
9 34 36 23 18 6 6 22 8 1 74 79 42 9 16 22 30 3 79 1 51 19 8 16 15 3 20
7 20 30 17 40 3 1 17 7 17 20 16 4 2 16 15 65 16 9 56 7 69 28 30 12 1 12
17 39 14 9 31 19 5 4 62 31 3 31 66 43 28 3 25 2 24 35 7 5 45 63 26 3 7
13 4 5 89 15 58 89 66 23 1 13 18 35 1 10 28 39 73 13 18 15 6 35 23 22 25 9
6 19 12 13 60 26 2 20 6 88 34 11 40 30 10 24 7 9 86 2 19 11 13 49 5 90 71
7 35 1 19 4 24 11 15 20 5 13 15 2 12 12 5 29 22 65 81 23 21 13 5 8 2 15
21 12 27 62 22 11 46 1 17 10 26 22 96 9 19 33 82 53 19 26 50 22 11 10 11 5 7
10 25 15 6 29 40 3 12 10 3 19 18 25 29 28 16 16 4 21 78 36 29 21 17 40 8 5
26 30 28 28 71 7 26 8 40 23 7 16 28 81 79 54 18 13 1 24 12 33 25 10 27 42 11
14 4 90 1 10 29 78 3 25 17 1 27 1 17 12 31 24 19 4 4 19 25 24 37 14 43 21
30 1 18 29 15 76 19 29 34 9 36 7 22 23 44 16 26 20 83 10 23 1 6 6 10 17 1
3 30 10 32 41 10 26 15 1 5 9 11 15 50 4 9 60 30 14 78 21 28 30 2 24 7 34
19 13 28 23 3 82 29 27 22 69 32 29 88 26 30 2 23 19 13 27 72 24 30 17 38 50 20
22 8 18 23 27 2 7 8 37 7 12 7 25 38 6 27 26 25 74 3 11 14 37 14 18 28 21
9 14 29 32 12 5 24 23 10 29 8 89 6 1 22 4 63 27 2 2 17 3 4 17 10 6 24
30 17 58 16 40 42 22 63 15 8 30 13 60 4 1 89 17 20 33 2 10 15 88 6 17 29 90
68 53 7 21 22 54 70 38 28 19 6 19 6 74 10 27 1 8 5 83 66 9 40 29 57 9 30
18 16 8 13 26 39 26 4 25 4 25 23 3 73 6 43 14 42 1 45 13 26 29 26 21 21 15
91 2 16 26 22 39 29 13 3 72 29 15 54 71 23 22 29 35 14 26 7 27 3 22 2 22 22
13 78 87 22 14 21 76 38 3 14 6 8 28 6 16 37 3 18 90 15 8 48 8 38 23 35 38
53 30 13 18 27 38 1 13 6 16 15 38 1 36 30 23 14 6 14 26 5 67 15 17 31 24 8
17 29 21 26 29 69 68 21 30 24 25 14 8 25 57 55 22 7 14 34 18 65 64 4 5 19 42
21 45 12 1 5 1 9 56 6 63 40 63 9 2 15 4 18 83 8 7 10 18 7 98 6 11 36
22 8 6 22 12 28 3 38 20 17 77 30 39 21 20 68 59 41 9 27 33 22 60 23 19 29 34
89 26 38 42 55 10 84 15 21 13 7 87 13 24 20 39 18 17 2 8 88 77 42 18 23 61 24
10 22 21 4 27 29 43 21 26 2 82 38 10 27 10 25 21 53 30 22 11 16 24 30 31 5 12
10 17 27 10 23 14 8 19 3 27 1 55 27 27 35 2 37 27 28 25 37 17 21 21 32 4 19
17 43 5 27 30 78 29 14 64 1 13 14 18 21 20 22 4 13 61 36 39 36 58 28 23 5 40
21 40 57 47 1 28 1 71 25 59 92 9 22 9 43 19 18 80 67 26 65 84 74 25 10 19 10
45 34 28 20 52 20 35 39 13 80 2 33 9 35 29 15 28 20 25 28 24 35 18 53 26 81 1
66 4 13 32 15 24 6 7 7 21 3 14 14 24 74 18 18 2 29 1 66 79 26 37 8 22 26
19 7 34 9 6 7 32 16 24 4 11 13 25 6 28 12 17 23 21 30 13 26 69 9 73 21 55
20 7 7 4 24 8 59 76 7 8 25 39 75 7 24 9 65 10 20 19 24 12 29 21 79 13 16
33 14 1 89 29 21 2 1 8 13 30 8 35 6 1 21 2 17 30 8 18 35 22 4 7 8 33
14 12 5 36 70 5 10 22 13 29 18 29 88 5 28 67 17 27 8 47 1 7 66 27 50 20 33
19 20 6 31 11 51 30 25 29 2 21 14 20 25 19 27 72 5 85 24 18 12 16 73 27 74 1
26 44 39 38 59 24 19 29 20 31 4 30 98 90 14 15 29 23 21 4 15 73 28 30 19 4 7
24 18 21 8 23 16 24 25 51 3 7 21 15 46 60 26 20 9 34 10 20 20 26 34 18 22 37
39 17 16 31 76 25 94 10 19 15 16 11 6 98 9 16 45 17 20 39 8 20 2 26 19 8 73
5 14 82 16 27 81 2 1 18 32 28 34 67 14 18 7 30 25 95 85 13 13 9 9 34 31 58
18 13 18 16 12 23 18 22 75 9 2 27 7 16 15 77 64 23 21 39 5 3 19 32 1 18 5
6 27 92 11 8 29 14 29 52 16 24 64 28 37 38 14 61 17 25 14 5 5 3 17 23 26 24
24 6 20 16 8 17 35 18 22 18 14 5 11 46 7 5 48 28 12 25 5 19 4 6 9 59 8
30 33 20 22 59 22 1 17 29 2 17 82 39 24 25 6 72 23 22 21 77 24 14 10 13 11 3
12 4 17 8 27 1 22 62 24 8 77 27 48 26 23 9 17 71 36 88 28 21 35 91 13 11 38
27 29 27 35 9 79 27 3 2 55 5 28 5 8 4 9 4 17 1 22 39 31 4 89 14 8 6
99 20 18 17 5 11 28 28 25 2 2 27 9 9 38 10 29 1 24 24 35 3 17 18 19 4 9
3 21 15 28 22 7 38 12 28 64 21 35 63 24 43 4 30 21 26 34 63 7 84 49 28 4 37
84 29 23 15 31 2 23 42 9 9 23 7 16 15 73 39 4 26 8 9 21 25 8 1 20 10 90
37 37 16 6 1 10 25 18 27 72 57 63 69 66 20 21 11 20 32 7 12 34 16 7 24 16 13
17 5 27 68 21 15 7 22 26 38 17 4 22 9 76 17 30 14 3 28 30 19 20 14 16 38 14
4 29 23 13 7 6 7 30 25 28 26 16 24 34 19 81 4 22 21 36 21 22 15 19 25 31 10
21 19 29 43 20 1 24 23 38 55 43 1 16 4 34 13 21 14 1 31 27 28 87 15 14 15 1
2 18 6 19 7 14 21 16 37 32 7 23 2 10 2 14 11 53 21 2 15 26 22 67 14 29 12
28 29 87 8 1 7 53 6 25 44 50 20 9 8 13 17 18 27 20 10 30 38 84 3 11 73 44
29 56 9 23 29 13 54 32 71 80 53 25 30 27 20 4 14 77 7 27 26 6 21 4 31 12 31
24 78 8 57 5 29 15 80 21 30 2 2 12 3 16 22 34 6 22 1 11 18 1 36 28 28 10
25 15 9 10 11 17 89 23 18 34 78 2 1 27 85 14 38 4 31 6 17 13 27 29 75 5 13
4 24 18 9 30 43 12 82 22 5 30 84 18 14 22 23 2 11 14 56 4 6 7 89 24 6 56
11 27 25 15 29 10 16 13 24 24 40 57 27 51 39 27 68 7 55 24 24 1 3 30 29 39 16
15 3 41 13 18 17 18 4 8 25 26 33 46 18 14 43 18 7 75 37 10 28 36 40 1 51 13
1 1 26 22 12 26 5 9 13 11 8 12 5 36 1 6 16 30 13 19 4 11 14 11 22 86 1
48 7 52 15 7 19 43 12 24 2 13 18 19 30 26 2 28 27 4 36 15 11 38 37 16 39 26
14 11 6 4 2 43 31 17 7 26 24 22 86 18 39 28 64 58 14 13 11 6 65 27 17 19 6
70 63 1 3 8 15 15 36 7 18 28 3 3 17 15 17 39 16 3 4 49 21 13 37 1 33 63
39 75 52 15 27 70 45 1 1 15 14 5 12 48 28 4 20 56 23 11 4 28 55 17 61 9 30
73 40 51 1 27 18 27 40 10 11 12 17 17 33 16 26 38 43 15 23 6 9 21 6 30 7 34
11 12 26 39 13 7 17 3 49 40 30 22 8 24 8 3 73 36 10 12 21 1 17 50 4 13 2
25 30 50 21 58 31 24 1 30 23 4 24 7 6 8 26 69 10 2 19 18 17 38 26 80 20 80
86 20 30 20 20 9 30 9 34 12 6 17 5 7 19 36 28 8 27 24 7 6 35 26 23 24 1
7 15 11 71 3 20 6 20 88 74 17 8 15 31 5 19 8 23 27 16 28 16 21 10 12 18 21
100 23 28 22 44 12 13 15 100 16 14 27 68 24 30 29 61 31 8 27 20 35 79 24 10 25 14
22 27 23 42 3 76 37 52 17 28 5 11 29 7 27 38 6 26 14 20 36 15 26 64 26 9 32
16 59 21 14 19 8 15 29 3 3 85 10 30 13 15 24 9 33 65 12 21 39 10 20 23 19 22
36 14 2 36 29 9 13 13 24 40 24 29 10 37 9 1 48 9 13 53 18 41 21 20 3 25 10
20 94 20 3 69 71 19 7 34 20 4 15 25 17 36 83 2 3 18 15 79 20 31 10 15 10 24
3 37 17 45 6 38 8 20 13 16 4 51 9 21 2 58 10 12 33 15 6 25 1 46 21 14 2
31 83 66 15 27 28 17 8 31 43 20 12 29 29 11 26 25 28 16 45 16 16 22 10 15 18 2
25 39 24 19 30 29 6 14 6 23 4 2 73 8 63 27 22 52 9 6 9 13 28 5 3 24 17
17 29 67 20 22 7 15 3 22 23 14 10 10 8 22 25 31 21 3 14 11 20 14 20 13 23 84
1 11 29 21 25 9 12 42 7 40 5 18 61 5 5 10 36 29 7 38 9 36 80 7 23 9 14
8 21 5 71 15 2 53 44 33 56 5 7 26 25 11 3 2 8 3 30 9 12 60 18 20 8 2
11 14 24 36 35 30 16 15 19 52 20 82 16 3 6 22 14 1 48 22 6 2 77 26 3 25 26
10 2 17 1 22 25 39 14 7 61 4 11 22 22 17 16 43 4 2 34 20 22 18 25 28 6 92
17 16 65 17 18 1 28 27 12 87 6 38 25 13 15 19 27 12 77 10 18 5 2 22 38 23 37
7 2 38 2 15 10 15 26 20 18 6 28 79 89 19 94 4 1 3 1 9 10 30 15 15 1 13
78 2 13 16 5 18 19 4 18 11 1 2 4 87 80 67 26 10 25 15 16 36 21 26 10 37 5
23 8 25 39 27 33 19 22 34 11 73 5 22 22 30 12 47 19 38 24 4 27 22 5 11 30 26
4 85 5 26 26 37 23 27 7 17 33 30 4 7 54 26 6 5 7 77 74 4 24 26 71 29 22
27 4 17 18 30 29 35 11 40 3 22 46 7 8 15 20 21 24 11 82 30 24 26 34 8 1 9
64 34 9 5 19 34 6 34 26 58 49 1 15 9 74 22 3 22 5 1 13 14 9 24 24 49 21
22 23 1 7 12 25 4 29 11 11 51 17 23 5 4 12 46 7 2 3 15 15 60 8 74 25 1
19 43 61 7 15 38 14 9 27 11 8 40 10 28 10 19 6 28 29 1 81 6 24 28 18 34 2
40 38 7 24 20 22 23 2 7 36 70 9 19 29 18 21 39 47 58 9 7 30 29 14 81 28 53
40 27 40 20 3 38 24 87 16 23 24 78 47 19 7 51 67 65 30 24 31 16 8 16 5 23 65
31 23 30 48 12 1 8 4 9 15 35 23 27 23 14 15 12 16 16 28 41 62 26 6 28 29 35
5 48 19 12 17 35 30 15 27 2 58 33 17 27 15 11 28 24 74 30 8 6 32 9 47 15 20
5 20 13 30 62 3 26 35 12 5 14 51 24 8 16 28 4 16 4 12 20 27 60 27 14 16 2
26 79 13 10 12 19 4 16 23 26 29 6 66 14 14 80 5 38 9 13 89 8 13 15 28 19 58
4 13 27 5 3 35 89 8 5 17 12 14 5 2 15 14 14 38 1 13 23 2 29 6 21 16 39
31 8 26 26 14 37 10 8 23 10 23 12 14 32 15 23 40 25 10 32 32 2 18 40 7 36 38
41 8 14 9 7 10 8 19 58 17 28 10 2 6 5 15 20 60 1 4 28 19 11 20 26 16 41
32 28 25 6 58 18 26 27 23 24 35 26 4 69 15 1 25 23 69 30 23 21 3 6 24 10 29
30 6 19 4 30 39 19 7 29 21 15 12 18 4 11 29 11 15 1 26 21 38 22 19 18 15 11
7 19 16 3 26 26 36 19 52 28 35 22 3 23 16 29 14 8 78 53 14 3 6 20 29 4 12
78 83 22 5 81 76 23 40 37 18 13 13 20 26 32 22 8 4 29 19 4 38 10 1 5 3 2
69 9 44 1 3 17 67 25 9 25 9 20 3 4 8 25 13 15 48 25 30 14 27 36 10 24 8
28 16 1 2 28 6 11 14 18 34 13 18 88 13 85 47 17 1 2 28 20 27 4 42 12 31 19
1 7 29 5 20 27 12 16 16 28 14 61 13 19 9 7 23 4 5 63 25 27 1 23 2 9 12
30 18 14 24 19 6 1 60 5 57 18 72 8 26 27 12 26 28 8 2 27 4 37 27 34 27 30
7 4 30 21 28 81 14 40 49 44 27 71 32 5 75 26 10 16 93 11 51 27 4 90 6 11 23
22 28 5 28 9 24 23 13 23 17 15 19 27 13 54 24 13 17 81 26 39 23 31 59 18 97 66
24 33 16 10 1 9 11 18 25 17 25 21 17 24 47 24 24 8 68 12 31 34 6 14 25 73 27
25 7 27 14 34 37 5 22 20 30 12 19 26 48 4 18 36 1 4 15 3 39 55 29 16 25 21
11 2 14 6 38 8 28 12 38 45 25 9 3 9 11 30 22 29 40 8 27 11 28 88 30 17 46
74 12 6 4 2 40 62 24 76 43 12 6 30 6 19 9 22 30 6 4 72 24 15 20 16 21 25
12 21 30 4 10 16 12 28 4 26 9 20 19 13 20 13 1 3 6 23 29 51 66 15 4 9 7
46 2 11 30 16 5 23 21 20 30 6 18 78 37 18 35 20 3 38 77 16 25 17 42 32 26 33
26 22 5 15 1 32 39 14 37 32 29 56 38 11 49 59 22 30 19 11 13 27 11 32 7 31 26
69 10 34 14 19 20 65 3 18 6 7 12 1 46 24 18 41 60 27 88 14 15 18 25 18 17 76
28 19 8 19 10 15 5 30 27 16 33 22 22 19 19 20 31 26 84 12 23 23 19 9 9 7 5
11 38 34 9 21 26 12 9 33 1 2 19 8 1 10 33 25 16 76 9 24 9 3 26 56 26 14
87 15 7 88 89 63 8 9 26 18 79 39 12 24 16 25 10 21 15 52 18 18 33 7 1 60 6
57 90 11 7 77 9 1 20 20 38 35 17 16 25 12 30 13 12 2 59 16 1 26 16 47 11 16
7 27 30 20 16 18 21 26 2 3 8 7 16 38 9 52 23 12 77 14 13 9 23 11 82 15 11
45 58 14 80 20 24 10 27 3 10 9 13 3 32 16 17 42 9 22 16 21 67 7 38 6 30 22
21 25 9 40 28 28 39 39 17 11 22 25 24 9 2 6 20 27 5 34 45 46 19 13 22 22 6
7 42 12 85 21 23 56 57 62 8 60 21 15 1 6 18 6 16 6 11 8 5 1 5 20 22 34
6 23 24 25 27 3 25 30 19 1 5 79 29 19 3 23 23 62 66 9 10 28 23 9 28 17 3
4 5 4 7 37 21 2 56 5 12 29 7 17 29 12 7 30 27 18 16 17 2 38 18 4 5 49
26 12 91 21 5 70 3 81 28 77 34 8 74 10 3 38 1 27 7 21 26 25 3 28 30 9 29
10 13 12 17 3 1 39 5 14 9 17 43 28 15 66 21 7 13 4 22 11 16 20 35 24 4 2
24 10 22 39 2 28 5 5 46 15 26 19 9 27 84 21 29 25 21 14 28 2 25 22 99 1 10
4 29 10 17 40 42 58 11 30 9 11 23 28 12 33 28 27 14 34 26 6 5 62 5 10 17 25
31 10 36 23 38 6 6 14 22 34 24 3 10 26 17 6 30 6 56 13 10 8 6 2 7 14 25
2 25 21 7 13 33 28 4 40 6 24 60 31 7 15 25 11 39 22 29 30 23 12 89 11 6 9
26 25 6 39 16 38 9 3 21 18 85 4 1 25 6 20 37 4 30 28 7 3 14 12 22 16 10
12 6 58 4 54 12 15 12 1 26 51 21 5 39 2 22 30 10 16 12 29 29 32 2 2 15 7
64 28 15 68 74 28 26 89 29 21 24 11 42 1 28 20 7 27 4 3 8 29 26 30 10 19 38
21 4 7 14 30 62 22 26 58 25 87 2 50 59 3 6 1 4 4 11 33 23 30 18 21 30 8
1 17 34 17 30 13 29 4 14 88 25 73 14 6 29 50 89 26 25 33 23 69 9 36 15 1 14
13 16 36 15 11 6 87 22 27 66 4 10 75 18 12 6 26 50 6 28 92 23 13 15 15 34 30
10 40 5 11 20 12 6 11 10 24 8 69 37 74 5 15 23 40 16 21 23 12 52 2 3 90 16
76 27 5 18 17 23 17 14 30 27 14 42 37 21 30 18 66 18 1 84 55 36 19 12 7 2 16
30 22 72 11 38 36 2 36 85 27 19 40 73 18 61 15 20 11 29 4 35 13 15 1 19 24 72
7 83 6 24 30 28 31 3 21 21 7 20 67 29 23 13 75 3 22 9 2 7 16 20 29 33 24
53 66 7 11 1 29 2 36 25 52 2 42 39 14 43 16 15 1 9 19 15 36 20 22 20 17 13
26 15 23 10 40 22 26 16 8 78 90 2 10 24 20 19 14 43 7 6 2 76 27 72 17 17 21
37 1 36 45 22 10 15 10 64 25 24 28 24 67 8 23 13 23 86 24 17 30 17 26 54 30 6
7 77 7 14 75 45 13 4 2 4 27 37 19 23 35 18 19 27 46 15 20 18 5 66 53 62 4
12 2 21 30 7 20 8 12 15 18 16 35 29 11 24 1 13 16 23 16 25 71 13 4 36 50 22
24 2 11 14 6 74 3 54 11 35 40 18 6 23 12 12 59 50 30 47 67 35 47 26 79 37 26
6 17 12 9 36 4 17 25 21 5 33 4 71 4 9 22 70 35 28 12 1 11 22 11 7 11 12
36 19 13 30 19 23 28 89 8 19 29 16 68 52 7 20 42 54 23 15 18 28 30 29 16 48 5
28 21 21 12 11 1 86 25 8 24 32 29 28 26 67 19 2 13 69 69 26 29 10 41 26 8 14
27 25 40 29 25 41 20 28 33 41 35 15 41 21 22 15 4 8 30 33 25 20 18 14 13 30 71
2 36 11 10 53 22 19 68 17 9 4 9 28 13 5 22 26 34 21 15 24 30 90 24 26 26 25
25 24 26 21 5 7 16 24 11 24 29 21 45 33 20 15 5 50 37 10 9 17 2 4 13 10 29
76 30 11 8 1 25 26 17 30 3 17 46 26 12 23 30 3 3 4 35 20 84 14 31 1 28 4
24 8 38 28 27 26 7 6 28 53 6 36 9 9 19 23 30 79 24 46 20 40 3 19 59 87 14
25 70 23 5 6 40 7 28 24 15 28 18 6 5 18 19 35 23 28 10 19 22 15 9 18 40 17
5 25 15 4 27 6 28 8 18 30 8 10 29 3 4 30 28 38 21 4 2 12 10 38 16 7 20
3 46 10 16 89 30 15 10 3 59 10 30 12 24 57 11 1 17 30 27 53 17 35 61 30 34 5
53 21 25 3 51 30 55 29 16 1 7 28 50 11 19 46 18 3 22 20 26 7 20 25 2 2 26
59 35 1 17 15 22 3 3 9 23 21 6 28 39 13 83 39 33 62 9 19 26 6 29 8 36 1
8 17 16 8 84 81 4 65 52 22 1 44 27 20 6 88 30 10 4 36 19 11 23 49 25 11 82
2 7 73 3 3 10 24 4 24 4 33 7 27 2 38 11 12 55 5 75 13 21 16 36 2 17 13
6 13 62 32 1 27 30 21 28 26 55 17 6 13 19 26 16 10 28 10 23 33 79 25 29 18 18
4 17 5 67 30 25 12 24 18 22 36 24 2 45 5 8 16 13 13 54 34 21 4 11 17 26 56
39 4 62 41 30 1 16 6 6 5 27 13 2 5 9 21 22 65 24 34 39 39 20 24 13 3 11
6 35 5 21 11 8 99 84 79 44 21 28 8 13 17 35 23 18 30 45 36 11 30 21 15 59 7
5 10 24 10 37 15 19 18 18 23 15 29 9 11 13 20 37 21 38 7 13 17 11 17 41 21 6
23 16 27 19 28 26 3 3 66 36 34 25 16 1 15 12 15 10 14 44 55 24 17 87 9 19 8
11 4 40 17 1 23 5 24 57 29 52 27 5 10 89 29 12 55 28 15 6 15 25 54 18 58 37
74 28 5 7 3 16 22 34 20 24 40 31 4 48 10 14 6 12 29 25 29 3 50 34 64 11 10
38 27 15 28 6 9 13 71 27 24 18 27 53 4 35 37 29 7 33 3 18 64 23 4 43 90 55
23 22 1 26 3 37 1 10 41 4 14 4 12 40 2 29 17 88 74 20 57 88 8 15 19 24 60
23 10 6 3 8 3 9 7 5 16 17 12 9 13 2 31 29 8 3 25 41 26 84 28 10 30 11
20 7 26 31 5 43 30 13 33 70 21 36 25 1 19 72 8 7 18 36 13 10 29 25 1 76 35
4 1 16 26 23 8 15 17 83 16 83 20 20 25 28 7 47 2 2 23 66 10 30 2 34 10 26
28 17 21 1 15 8 78 35 1 17 26 17 14 15 13 36 34 30 19 14 18 89 8 11 28 9 28
33 51 30 21 24 32 13 27 14 30 80 18 18 25 15 11 45 2 82 78 9 30 43 27 17 14 4
26 79 57 71 19 9 23 49 10 22 3 23 82 16 23 37 54 69 22 3 58 2 73 13 1 26 19
2 18 1 19 1 11 18 19 28 2 15 40 4 6 6 13 22 19 30 2 8 39 8 87 29 38 2
3 19 77 24 15 10 7 20 14 16 21 15 65 7 72 13 10 79 13 3 26 23 10 8 13 35 5
78 52 10 60 13 18 11 71 32 36 24 10 3 30 21 21 26 18 8 21 3 22 32 3 9 6 27
64 23 27 43 8 19 24 23 1 6 81 9 15 35 93 21 26 28 1 40 33 17 2 87 8 13 30
79 19 22 6 55 11 27 3 44 27 5 9 6 23 24 30 43 9 24 4 5 26 17 7 55 38 24
21 40 8 93 8 25 13 50 15 20 31 11 10 5 11 5 10 26 10 23 9 66 56 4 7 35 63
16 70 26 24 25 11 17 1 88 15 2 14 11 5 39 2 20 59 12 3 24 66 19 9 11 75 25
24 19 14 14 23 1 3 10 17 32 15 24 27 8 29 30 25 70 11 11 28 25 38 4 10 25 29
31 2 29 10 61 18 32 23 15 11 14 2 3 2 28 29 20 30 5 75 11 24 29 27 7 3 16
95 22 8 12 38 53 18 34 10 25 6 22 1 24 13 19 23 14 51 77 28 26 13 8 22 18 25
25 51 42 3 63 2 6 1 10 9 74 3 11 27 33 6 11 71 79 11 18 5 18 20 9 20 17
1 30 22 73 87 77 11 6 5 9 28 30 16 8 20 8 40 22 37 20 40 15 6 30 51 28 9
2 90 71 10 30 2 14 14 25 30 38 26 76 39 24 67 1 13 38 24 29 69 7 8 17 17 10
13 17 17 3 35 55 28 38 9 37 14 25 17 18 2 14 26 7 17 79 40 25 18 26 30 7 25
38 12 13 59 69 4 23 3 57 21 30 20 27 62 66 3 16 44 14 27 16 34 45 12 3 17 54
38 56 16 16 19 1 5 29 40 16 12 13 21 15 8 26 15 8 3 37 4 1 6 38 20 7 11
13 7 28 20 35 16 31 58 76 40 20 77 1 8 18 15 6 11 84 2 27 15 12 72 19 67 20
15 16 14 36 6 5 35 82 50 34 16 29 23 19 28 18 21 1 22 19 45 20 18 17 25 11 29
73 21 65 18 20 88 6 20 7 12 22 23 33 7 28 21 3 6 87 25 2 29 48 26 15 2 29
18 15 27 27 2 61 2 7 13 38 29 85 21 26 3 8 7 6 29 13 4 9 27 21 33 30 32
69 3 22 20 12 8 28 13 28 9 13 20 60 60 7 9 88 35 19 66 4 8 22 26 21 12 7
57 25 8 79 11 11 3 75 24 38 37 10 20 14 25 25 23 28 31 24 6 4 15 14 15 28 61
20 13 19 3 30 29 64 19 12 25 19 14 11 45 16 24 19 27 89 17 84 17 4 4 11 7 39
2 59 31 9 13 82 30 18 53 35 29 28 37 34 70 2 11 22 88 16 16 29 39 12 2 12 24
39 15 15 40 57 3 63 26 18 90 3 17 3 15 15 6 9 8 16 16 25 45 15 24 10 13 32
23 3 21 2 75 8 18 87 30 7 25 24 14 28 5 19 9 3 29 82 67 11 13 13 1 29 21
22 40 19 73 45 29 52 3 26 20 20 84 32 24 66 7 24 31 2 1 38 2 20 29 13 13 17
23 33 21 13 6 18 3 32 29 3 30 27 76 2 26 21 8 9 18 14 38 12 22 9 23 20 1
2 27 38 11 26 28 26 2 19 7 29 30 11 55 11 47 72 24 8 9 79 24 28 22 24 5 60
21 27 22 21 70 22 5 17 47 25 3 22 22 10 22 9 13 2 9 39 24 5 26 24 8 4 12
2 4 3 54 71 77 6 7 14 8 30 12 25 20 21 3 24 28 98 1 89 16 7 59 6 49 30
14 90 15 13 68 17 13 84 11 12 36 12 26 30 18 29 31 48 19 3 22 2 19 24 10 14 35
18 17 8 73 19 43 10 26 14 27 6 26 17 4 27 9 5 23 39 25 37 14 29 66 2 30 7
8 22 30 8 10 18 12 24 90 18 5 30 57 3 24 7 20 62 32 26 6 13 40 25 64 35 15
14 80 15 27 26 98 7 3 49 10 10 17 32 17 30 1 40 8 25 27 53 23 23 27 61 78 17
24 21 22 7 62 14 33 9 29 5 27 4 24 20 6 24 6 82 4 19 57 12 24 21 30 15 20
27 66 34 18 13 10 80 3 7 19 10 21 16 4 13 2 8 4 22 21 19 17 12 2 79 22 4
6 40 2 9 2 47 1 5 13 52 33 40 30 23 33 87 22 11 7 52 7 34 16 27 3 2 15
78 11 30 9 18 5 55 4 11 17 11 36 6 29 26 17 4 33 15 13 14 59 31 38 48 6 9
14 15 18 33 2 34 31 59 52 2 24 29 47 4 18 2 8 26 13 33 21 20 25 28 18 25 19
17 74 52 24 27 26 8 99 37 25 20 8 3 5 19 21 63 27 16 66 33 29 63 9 35 14 26
22 23 26 26 18 4 2 16 31 12 100 3 59 10 20 13 26 21 18 66 19 50 27 33 15 32 13
8 76 5 29 25 23 13 13 24 10 47 22 28 26 12 19 32 5 15 58 27 6 16 27 24 33 24
30 2 20 22 10 69 1 12 16 5 14 9 33 95 11 21 19 10 38 12 24 9 10 10 11 26 54
26 68 25 19 15 77 7 33 20 21 3 23 7 17 10 23 25 36 10 24 6 16 18 79 9 7 12
26 29 31 18 7 17 19 13 8 22 4 24 15 25 89 87 48 30 18 85 26 25 9 21 9 74 6
67 6 10 15 26 11 1 84 51 14 32 7 2 3 26 15 2 24 27 25 33 14 58 5 34 18 19
2 6 16 4 15 15 21 83 28 20 30 15 12 68 21 9 3 30 22 18 29 36 5 21 40 99 69
26 18 29 7 28 23 22 20 6 6 15 7 7 9 28 18 30 4 46 4 18 21 14 28 36 39 40
6 11 7 54 15 26 5 2 55 21 28 8 7 32 2 24 30 26 15 24 39 2 13 23 18 24 1
33 32 27 7 10 4 19 11 3 79 16 26 28 26 7 99 19 26 22 33 4 28 25 36 27 22 39
45 24 6 16 19 1 5 33 86 16 52 11 76 1 5 39 30 28 1 17 15 20 6 2 10 20 21
28 2 3 70 13 27 28 24 25 18 6 18 15 1 68 10 25 56 79 27 10 49 20 9 30 23 26
12 33 16 13 29 2 53 5 4 89 25 18 6 25 7 65 24 35 22 23 24 37 17 30 21 6 7
6 62 14 14 12 26 10 5 5 10 12 70 3 20 35 14 34 30 8 19 10 5 7 31 24 22 3
26 17 33 27 4 53 7 7 2 19 21 27 5 10 3 28 10 40 12 16 7 19 51 45 10 37 23
11 22 6 42 28 22 4 30 27 4 30 17 26 26 8 10 7 3 28 10 55 12 21 6 39 11 42
13 4 18 22 21 27 47 2 14 2 8 1 5 3 66 23 9 19 24 26 1 5 39 17 2 11 37
22 27 28 16 54 62 18 26 48 23 5 2 13 11 17 29 58 58 27 19 13 23 16 23 13 63 19
89 7 30 25 4 26 16 28 40 17 26 28 13 4 4 27 24 22 13 11 22 6 17 32 48 6 3
19 21 40 3 79 15 15 29 6 62 36 11 58 25 18 11 36 22 5 18 3 15 23 12 5 32 13
68 33 29 16 28 35 4 28 3 18 25 6 6 30 20 40 19 69 50 79 2 7 8 76 28 33 16
16 20 22 42 24 22 28 6 8 27 68 62 15 4 4 32 4 21 27 22 26 16 6 12 85 23 81
56 48 23 24 21 88 20 2 30 6 22 18 11 26 12 16 79 23 73 35 41 65 29 72 16 46 9
82 10 10 7 59 12 70 24 88 44 19 28 7 26 6 33 89 3 9 73 17 73 16 11 19 29 72
1 51 21 26 19 65 10 79 79 36 56 59 17 2 12 29 2 72 6 19 12 30 27 7 55 49 32
10 11 26 23 23 2 14 41 6 17 1 4 25 63 29 85 45 63 35 8 1 26 81 1 29 54 63
6 11 14 23 3 41 44 29 5 14 6 15 1 6 20 39 29 12 28 1 25 11 7 22 66 26 1
16 36 10 1 7 1 54 4 6 1 25 8 12 10 23 1 15 8 27 5 43 76 13 35 4 4 20
16 24 54 17 3 48 11 33 17 13 3 30 30 20 38 30 1 3 25 59 13 7 17 21 31 38 50
79 3 25 16 9 2 67 22 28 4 21 2 23 77 38 46 26 75 10 21 14 7 25 21 3 8 31
25 16 1 22 3 2 94 58 40 71 4 10 77 28 17 75 16 40 20 41 20 45 19 70 10 33 13
6 22 36 70 16 26 10 18 85 20 18 35 1 25 1 10 14 6 10 25 30 25 13 2 4 30 14
31 57 2 30 83 7 1 10 52 17 35 17 10 1 6 21 12 31 37 9 24 2 67 27 2 14 17
30 17 8 7 13 32 15 26 26 58 18 10 5 39 7 1 8 26 8 11 30 29 13 20 18 1 22
22 7 21 11 22 76 23 22 37 24 15 46 2 11 26 23 2 45 39 4 30 9 5 10 26 37 24
4 5 27 29 22 12 1 16 30 9 3 24 12 1 85 11 19 13 83 75 27 23 21 98 17 7 13
27 25 58 37 4 80 29 21 24 38 28 12 25 25 2 30 27 25 20 44 25 1 21 25 7 17 3
87 20 9 16 15 10 19 20 16 27 10 34 22 12 17 2 16 8 27 18 20 7 1 2 40 5 57
19 42 19 31 18 79 5 25 88 15 24 3 18 21 8 28 24 5 23 2 9 31 16 23 33 33 14
9 27 4 17 12 38 22 1 4 26 3 13 26 87 29 14 89 31 61 2 12 14 28 7 17 43 16
30 72 12 22 6 17 16 23 33 10 31 14 3 9 18 3 34 8 95 8 20 26 28 20 7 8 8
16 21 28 36 66 6 15 51 26 17 11 18 8 27 30 30 10 27 28 11 59 30 33 17 13 1 27
9 26 78 25 28 24 6 87 4 19 36 10 6 30 72 11 69 37 28 22 10 20 30 86 86 22 5
82 28 28 18 14 50 14 4 19 61 19 5 14 25 19 2 28 11 5 13 30 21 20 23 23 90 6
13 20 28 23 3 28 88 35 21 16 73 24 84 12 2 17 12 23 5 28 34 63 24 14 20 8 55
30 29 18 29 88 17 11 25 18 85 32 17 71 34 27 13 27 28 6 17 8 7 17 2 10 17 13
23 63 2 27 4 30 29 19 9 35 22 19 13 10 26 12 28 13 27 26 89 10 23 7 12 1 24
30 6 23 13 37 15 4 19 27 4 78 38 38 13 35 2 1 76 33 14 75 30 83 82 18 24 4
35 18 7 26 16 8 80 33 30 35 20 24 68 17 76 10 21 28 4 17 29 34 16 6 7 14 29
26 18 6 23 17 25 1 59 18 17 30 29 18 39 25 30 16 71 23 34 25 25 29 7 6 22 14
7 17 28 22 86 20 9 2 75 20 20 3 15 28 11 17 30 15 24 5 81 18 21 29 13 1 38
13 11 21 3 6 79 15 50 46 34 31 17 29 19 29 24 8 8 81 29 23 1 10 14 16 72 21
83 5 3 3 1 16 6 13 37 56 10 16 7 4 25 40 6 19 8 28 64 7 2 6 18 35 35
16 29 10 40 6 73 4 79 17 8 27 17 19 2 7 17 15 96 17 29 27 7 38 11 84 1 68
6 22 4 8 13 15 15 23 14 11 42 8 18 7 3 32 1 14 14 14 28 44 8 21 82 4 97
30 13 2 19 20 39 11 32 7 61 28 45 26 14 9 12 4 21 21 13 70 1 58 3 25 21 90
20 5 18 23 21 15 1 14 15 9 16 61 12 37 17 28 4 11 36 12 59 19 35 5 28 39 24
2 8 80 88 35 33 6 34 2 25 21 24 30 25 13 16 2 18 5 15 67 28 5 16 1 1 89
18 18 20 77 90 12 35 23 28 30 5 22 19 8 15 82 11 10 19 13 27 11 13 49 15 4 24
82 29 15 38 39 18 8 21 6 24 26 30 22 22 28 25 89 53 4 85 21 10 40 64 19 25 11
13 13 23 14 15 7 7 16 12 20 8 8 4 28 22 16 22 41 12 14 1 12 37 14 3 1 19
21 72 39 7 17 22 39 58 20 18 1 23 13 19 23 25 12 36 52 7 29 85 27 13 26 8 30
1 7 14 19 6 10 28 1 25 8 29 61 25 7 38 9 2 66 4 27 4 29 19 1 37 23 14
18 16 28 84 1 27 79 2 18 30 27 1 6 7 1 30 25 1 75 5 4 19 30 24 20 9 74
8 14 5 17 20 65 2 30 12 1 16 9 12 2 30 6 12 5 22 25 45 20 13 10 19 29 21
1 81 29 17 27 65 17 25 14 14 46 9 21 1 5 69 12 8 11 24 18 6 15 22 21 6 10
5 27 46 15 27 5 4 82 24 11 13 15 82 31 21 1 27 40 6 10 31 58 2 20 27 46 67
36 6 25 16 19 21 16 5 5 9 10 41 7 26 3 25 16 13 2 43 10 1 22 4 38 14 31
15 69 11 10 39 24 17 20 28 22 19 20 35 4 17 18 11 38 18 15 81 27 13 29 13 27 40
15 17 6 12 44 28 7 23 4 24 25 20 28 39 21 22 23 22 10 21 87 19 10 30 37 38 9
29 22 15 17 25 13 72 2 3 62 14 12 31 10 21 34 28 49 8 16 21 17 12 24 24 17 23
12 38 13 11 4 9 28 11 5 19 17 57 1 16 23 86 33 33 4 5 3 32 28 23 24 39 3
3 29 4 9 5 13 15 31 21 12 10 39 63 11 10 5 7 39 11 4 1 22 22 8 68 12 13
8 8 4 30 20 9 11 7 19 21 1 34 32 13 11 77 22 19 90 6 8 32 8 26 8 6 43
88 31 28 11 22 25 23 69 25 7 11 16 39 30 39 31 20 15 41 10 23 21 27 13 73 28 16
4 21 4 37 19 21 7 22 82 15 11 25 2 22 38 9 13 32 16 64 55 12 59 18 30 17 6
10 9 3 27 57 15 24 8 21 15 24 19 25 18 39 10 32 37 28 70 12 32 24 28 30 26 10
28 13 36 22 30 25 34 19 8 14 14 32 6 26 11 2 20 8 15 55 21 23 2 2 99 13 27
57 31 39 10 16 17 84 54 2 23 70 11 13 5 13 17 24 3 11 15 8 30 24 36 3 5 11
19 7 9 10 18 5 14 24 19 15 10 22 80 57 58 67 9 18 2 81 21 17 6 22 10 14 5
77 11 4 45 7 28 25 5 25 35 26 24 1 17 1 3 15 1 43 31 40 2 24 36 18 29 4
40 70 26 9 22 19 17 14 2 5 2 21 85 26 12 77 9 56 5 30 16 12 24 11 21 70 9
18 17 22 26 6 12 2 12 1 2 29 10 24 5 1 12 9 60 10 20 1 10 33 21 27 6 10
23 27 9 2 7 26 15 84 24 20 28 65 11 79 5 14 11 2 26 24 14 12 38 27 22 16 23
29 75 18 29 15 7 33 39 30 3 55 14 23 13 8 19 44 6 14 5 10 18 8 68 62 18 31
3 11 34 13 16 9 32 12 4 35 3 11 16 5 58 1 11 8 64 28 36 1 7 12 9 15 14
56 61 7 57 5 4 2 31 34 64 74 20 30 83 19 13 27 17 70 29 6 3 28 1 19 27 88
10 6 14 14 43 6 18 39 7 72 40 8 53 4 12 36 66 32 37 24 61 53 12 24 7 27 29
25 2 40 35 37 6 16 98 25 17 24 8 27 24 3 5 1 30 13 12 7 22 23 14 14 15 16
58 17 11 52 2 30 23 19 17 20 48 60 11 35 39 38 19 27 23 9 27 7 29 1 17 9 26
60 6 7 11 25 6 89 24 17 26 2 2 10 6 22 28 18 8 6 4 18 90 11 23 14 18 10
40 75 5 29 4 5 8 14 3 21 25 59 22 25 11 12 29 27 1 7 75 56 5 79 23 45 7
26 76 35 50 20 19 26 69 27 24 18 25 36 10 32 8 13 4 8 15 27 7 37 29 69 25 3
13 23 28 18 30 9 15 1 4 20 28 24 26 3 38 19 17 8 1 11 14 94 67 11 80 9 3
13 15 77 37 27 21 1 5 47 15 83 54 5 2 38 52 2 11 14 9 7 2 3 13 74 18 24
89 26 33 1 22 87 8 41 14 47 30 48 2 5 12 32 24 61 10 15 30 23 28 31 4 55 6
26 29 19 21 29 16 23 40 17 14 82 82 25 7 19 3 22 8 19 76 11 24 26 3 10 37 5
32 1 5 60 20 7 30 6 14 1 23 2 18 28 18 12 28 2 6 18 15 12 36 8 22 6 3
11 28 26 3 10 28 30 19 5 35 25 32 17 11 34 18 14 2 4 30 19 30 37 18 18 14 32
16 1 62 42 36 22 24 13 18 15 10 83 21 3 1 61 5 15 5 37 87 5 15 9 6 11 17
13 4 19 16 8 61 10 12 25 12 6 18 26 1 38 3 15 23 18 64 20 6 14 21 24 11 8
24 16 3 17 26 14 6 2 76 18 14 7 9 35 4 17 57 15 21 8 17 26 18 25 6 27 17
23 54 10 19 20 17 20 28 22 10 16 20 26 13 51 14 89 71 28 58 21 9 10 63 28 9 6
12 51 46 20 9 28 7 8 11 8 10 51 11 12 88 5 23 26 22 37 17 17 14 49 20 35 39
4 30 22 23 4 10 88 18 55 36 40 30 5 1 22 2 22 9 90 91 32 57 83 13 43 18 14
85 21 35 21 76 95 13 3 90 1 23 22 24 5 11 28 8 17 10 2 20 17 12 9 4 15 34
8 29 10 14 7 54 30 17 61 30 3 14 25 23 18 7 71 12 1 37 29 12 5 4 40 20 13
25 7 42 5 18 52 28 13 24 23 25 57 23 53 12 39 17 1 14 1 83 21 21 21 25 15 10
2 19 29 52 27 20 13 10 40 22 57 74 26 3 26 29 21 13 3 99 2 2 14 4 4 4 21
24 14 57 20 1 9 8 19 23 5 7 10 2 14 7 15 30 21 6 20 25 1 19 10 14 14 26
29 5 26 8 34 29 26 3 2 16 64 24 9 5 14 25 14 24 54 7 21 5 86 16 38 92 13
16 11 75 74 14 22 51 27 13 18 16 25 11 25 24 54 4 4 77 7 2 24 18 17 26 14 73
26 17 28 67 12 8 8 16 90 27 6 10 3 7 2 83 21 10 17 24 74 36 33 15 7 23 19
10 26 87 19 6 30 33 22 17 39 2 20 24 22 19 6 25 15 15 6 18 23 53 36 21 3 28
21 10 4 37 4 26 20 10 20 12 18 90 13 6 17 32 12 31 23 1 19 16 6 78 37 79 13
30 7 1 27 1 37 22 27 6 56 17 9 10 34 7 27 30 2 5 84 27 1 20 57 5 15 5
1 29 22 19 25 16 34 23 76 73 6 13 2 1 40 16 19 23 18 36 43 14 6 10 32 56 87
30 27 24 28 26 17 30 15 26 59 48 3 72 31 6 24 31 5 29 20 23 19 21 21 5 28 64
10 8 65 37 30 10 7 23 31 16 5 18 40 13 17 33 5 39 2 22 32 51 7 10 27 26 12
12 16 16 30 17 3 37 1 24 31 3 3 78 21 23 16 30 7 3 19 23 21 51 15 22 84 14
29 10 18 22 59 23 2 2 1 13 71 21 4 20 15 16 14 7 87 21 40 25 44 5 33 8 75
15 18 24 22 22 3 71 20 3 4 5 6 30 11 6 63 8 28 19 8 27 1 8 40 8 1 10
27 38 21 12 6 14 2 65 17 29 22 17 11 18 3 10 26 15 35 31 13 5 7 25 26 15 10
5 23 14 24 7 15 17 45 3 13 2 23 18 82 14 40 67 26 27 28 17 6 11 13 23 31 5
12 19 15 16 26 11 24 2 18 75 20 44 7 2 6 14 61 13 69 23 16 31 44 10 57 36 5
40 16 22 10 24 19 18 5 37 32 17 18 4 38 17 15 12 25 11 24 6 10 11 17 1 22 23
29 22 32 33 3 5 15 9 30 14 49 8 27 2 15 51 87 13 20 3 12 83 1 20 20 3 12
26 6 13 9 5 31 23 32 12 27 14 63 8 14 29 6 36 36 86 18 32 2 8 23 37 30 17
9 17 55 65 43 28 5 40 28 13 16 28 20 11 4 20 30 40 5 6 7 3 28 16 30 18 37
78 25 12 40 42 10 34 7 22 21 21 26 11 2 35 19 14 8 29 5 27 4 22 84 13 22 9
78 9 3 23 10 99 6 2 33 18 27 38 33 53 21 24 90 8 30 53 38 1 40 60 25 15 5
19 28 19 28 8 19 15 5 21 25 17 55 7 7 4 1 30 20 25 54 85 40 18 73 34 36 13
25 21 60 15 91 86 29 10 22 38 37 3 88 7 3 49 36 13 18 39 19 48 21 27 40 24 25
50 31 27 4 11 10 19 36 3 6 11 10 6 30 28 9 12 5 14 29 24 24 25 18 9 86 25
9 6 16 24 23 26 5 3 7 10 18 35 36 47 3 29 22 18 8 29 56 21 18 30 12 9 11
15 18 21 1 31 24 26 19 26 23 35 34 30 15 5 14 20 36 24 66 4 7 30 29 80 17 8
26 8 25 27 27 28 21 10 17 27 31 30 1 87 16 29 20 7 3 5 13 10 35 49 18 5 17
26 16 8 6 10 9 59 13 20 24 7 3 81 16 17 2 4 18 76 51 53 89 81 9 88 29 42
16 5 22 27 10 3 21 18 38 5 32 48 23 28 16 10 8 6 8 21 16 14 30 36 1 17 40
27 29 25 86 30 25 5 28 62 15 28 17 28 10 17 28 12 25 42 45 30 19 87 30 27 23 31
11 14 14 1 30 1 28 16 29 29 85 14 28 31 29 13 37 3 26 14 12 38 37 15 62 16 19
11 5 21 2 13 38 27 26 12 10 4 36 18 5 11 29 30 20 35 25 57 22 8 30 9 53 27
34 7 21 15 44 4 23 28 16 62 30 24 25 51 21 5 62 37 33 10 16 11 24 37 14 3 12
1 10 30 22 31 7 22 71 69 9 1 21 13 28 17 25 3 30 38 25 2 49 27 10 28 14 14
30 20 5 9 6 16 23 93 3 16 1 43 26 56 24 19 9 10 16 33 27 69 2 42 9 3 3
8 52 27 44 28 21 23 27 44 21 61 5 40 30 23 17 22 24 25 14 5 7 83 7 17 27 4
90 2 19 29 36 55 5 13 29 13 22 17 15 32 26 26 5 20 5 29 6 72 13 8 17 28 29
2 36 79 67 29 59 24 15 36 22 8 15 35 6 17 30 27 17 20 37 8 30 25 21 20 15 73
40 9 14 6 23 1 2 14 66 99 17 17 32 19 50 17 15 21 37 24 9 37 2 1 30 18 20
8 10 24 25 23 21 64 14 18 25 30 13 3 21 27 48 16 16 4 17 73 24 36 61 17 5 27
47 19 6 16 7 3 37 70 13 44 4 81 23 12 9 7 37 17 14 30 52 21 33 17 1 7 27
12 20 30 24 38 6 17 16 14 27 20 25 16 26 5 29 17 38 21 30 6 9 15 10 75 27 11
33 17 30 90 11 12 38 19 28 26 9 22 31 23 30 1 53 99 20 84 32 9 6 24 5 73 24
6 19 64 36 38 22 8 72 7 23 7 23 12 20 24 19 18 2 85 24 32 25 8 14 36 27 17
20 17 82 22 21 9 40 58 18 79 32 43 40 75 14 29 10 8 22 25 39 10 12 39 14 28 18
18 47 20 1 26 18 84 19 4 2 9 18 5 25 30 25 13 13 24 1 15 14 33 19 21 11 5
15 10 24 27 15 9 22 38 28 6 27 12 4 25 49 4 9 33 3 27 15 9 3 4 7 19 10
7 61 40 26 12 12 27 8 9 24 6 8 12 4 22 6 10 40 17 13 21 88 29 25 93 2 15
22 32 7 10 6 21 7 86 2 40 12 40 9 16 22 23 89 10 4 30 13 84 31 16 89 8 27
6 3 19 17 43 13 11 18 3 85 7 1 2 1 67 16 23 29 39 21 6 70 37 23 2 78 63
26 25 12 27 16 18 56 28 5 82 20 77 31 7 74 77 24 22 11 7 7 1 14 18 27 30 14
22 3 59 12 28 66 25 2 5 19 12 92 29 16 6 30 50 18 22 48 77 33 38 9 40 11 20
13 21 32 18 4 31 22 10 65 22 16 35 2 16 22 27 26 23 53 48 82 17 11 21 2 5 72
8 20 14 11 3 58 83 15 30 24 8 33 19 11 13 15 66 26 83 25 7 10 5 18 88 24 17
44 40 6 23 25 33 50 13 21 9 14 16 5 22 16 19 1 21 13 82 10 43 6 23 11 45 23
18 28 7 21 32 19 1 27 26 67 72 6 28 18 13 5 17 20 5 72 84 66 16 40 27 12 14
4 21 25 8 49 26 26 23 29 4 37 36 24 29 31 8 2 8 7 18 60 27 18 22 7 5 3
64 18 36 80 40 10 7 24 30 5 64 54 15 6 29 44 13 35 20 30 29 4 4 34 75 84 79
22 36 13 32 18 25 85 22 6 8 8 26 12 64 11 15 17 7 27 15 22 23 2 27 31 29 23
81 35 2 23 28 1 7 9 16 28 6 29 8 14 13 90 3 4 1 23 90 36 5 87 13 28 17
23 17 84 19 29 35 28 5 3 24 9 16 35 20 24 28 52 71 18 28 22 20 30 37 25 23 6
81 7 8 28 13 25 5 3 17 3 27 22 30 46 50 26 12 13 89 25 37 25 23 20 30 30 3
6 28 71 18 21 9 5 3 54 24 28 9 74 10 30 36 33 39 22 27 57 4 1 1 12 25 27
83 15 36 23 3 56 34 24 21 52 10 36 17 6 8 2 97 1 14 25 20 7 9 11 34 19 14
11 20 9 22 29 54 1 6 66 2 29 10 31 24 9 6 28 29 17 24 13 13 8 19 17 12 4
65 18 27 20 29 85 78 27 13 19 73 12 25 12 4 14 23 1 2 31 51 20 32 14 22 14 27
33 75 5 8 15 23 20 71 14 21 10 1 28 14 3 20 26 6 25 71 10 7 73 3 28 14 23
20 69 15 13 3 19 24 26 27 85 30 18 5 15 16 8 86 5 15 17 17 63 5 9 29 11 28
20 42 1 21 7 31 1 8 26 16 38 14 58 16 14 8 19 18 25 23 1 17 10 15 26 53 10
27 25 38 1 5 37 12 10 89 21 16 90 2 22 25 68 40 30 3 23 1 3 63 21 18 28 24
21 28 29 25 10 67 20 7 16 6 79 38 7 8 8 9 20 46 31 9 6 55 29 6 23 11 22
23 13 30 15 29 20 9 3 20 13 99 9 22 23 16 8 5 10 13 52 72 9 3 15 28 30 27
36 22 48 14 23 14 23 13 36 85 90 50 5 35 30 16 33 28 16 22 5 86 4 57 1 20 49
24 9 1 86 98 3 9 22 80 16 4 24 17 22 15 40 36 18 27 66 71 25 4 11 11 35 10
18 29 28 31 16 16 19 24 34 61 15 26 19 5 8 42 26 32 5 9 30 4 48 23 17 26 15
45 45 22 9 15 15 19 22 1 30 39 5 16 25 9 24 67 56 68 9 67 13 8 15 30 9 27
57 15 15 50 6 40 15 18 30 22 11 31 15 9 31 19 48 16 20 2 21 7 4 56 2 17 65
2 5 7 4 24 53 25 11 24 30 14 10 7 10 79 10 17 15 55 14 35 20 13 67 21 11 6
9 2 8 13 11 13 20 40 25 21 40 20 2 14 31 1 15 29 13 29 6 22 25 11 18 4 66
16 2 17 2 3 14 17 9 8 24 32 2 28 1 25 5 6 13 36 3 22 8 25 79 84 11 31
20 14 17 18 8 19 49 10 22 23 13 29 38 30 85 19 23 28 6 25 58 16 10 14 8 18 20
78 80 9 22 92 15 27 26 20 28 47 73 23 18 29 16 21 13 6 38 82 81 2 26 11 2 20
19 15 4 21 18 24 19 13 22 51 23 11 40 1 21 29 15 37 4 4 29 22 34 3 31 12 17
9 61 2 25 65 16 27 16 14 11 11 12 1 29 15 19 7 9 66 8 28 2 35 22 14 4 38
1 12 9 22 76 30 36 54 26 24 28 16 10 25 5 3 35 21 19 29 24 27 6 4 7 21 13
6 29 18 3 10 5 25 13 39 2 27 62 29 90 19 58 86 6 19 16 24 12 4 6 26 31 22
31 22 2 34 32 24 15 3 22 7 76 12 23 19 76 79 27 15 17 29 56 36 24 60 76 31 15
4 29 3 8 11 8 1 84 39 9 17 87 29 15 33 65 16 30 9 55 77 18 11 4 64 16 12
11 89 9 12 22 38 2 20 12 4 16 12 5 19 18 41 9 1 23 24 4 3 13 13 17 33 58
2 30 2 71 7 49 26 20 7 10 4 9 2 34 11 21 61 4 30 22 39 41 9 1 28 4 10
26 22 35 89 3 49 19 7 11 16 73 58 16 19 77 16 19 18 76 54 35 7 15 46 2 12 4
8 20 18 8 27 8 79 10 5 19 6 90 51 4 47 43 29 89 23 6 18 18 28 29 24 3 78
45 11 56 10 19 25 10 25 15 1 4 17 26 15 3 22 7 22 39 74 24 3 11 79 24 25 6
68 30 13 13 27 15 41 22 22 28 20 49 2 37 15 3 33 15 37 28 10 25 66 4 20 2 7
57 24 20 3 59 83 9 15 48 16 9 73 26 16 37 30 5 18 25 30 41 26 21 29 13 33 19
1 20 26 14 4 7 23 72 22 15 14 1 40 11 25 27 6 2 83 22 27 45 34 3 9 26 4
88 13 7 30 23 40 11 28 11 10 26 29 32 26 29 28 19 50 23 2 16 2 37 17 27 2 19
3 2 24 14 4 7 22 84 59 4 14 85 9 89 19 28 17 1 6 22 3 32 11 1 24 57 21
21 52 3 3 14 64 7 4 86 7 44 4 4 24 79 40 48 85 26 69 50 11 10 15 21 3 35
11 83 25 21 1 27 35 82 25 17 11 28 8 12 38 25 3 3 86 4 9 27 27 29 3 19 4
1 21 32 27 40 23 17 19 30 52 14 3 10 28 38 36 3 12 29 6 12 15 13 29 20 6 12
16 12 34 25 12 24 3 37 30 28 22 15 1 30 4 88 24 38 34 26 6 3 28 22 20 25 27
3 69 39 18 23 18 22 2 28 27 20 2 2 9 21 54 70 20 3 26 2 14 4 56 8 1 6
29 26 71 7 23 23 23 17 49 16 13 27 30 12 1 7 85 1 21 59 42 31 29 25 12 72 19
4 62 26 7 14 19 5 13 30 9 13 1 24 73 18 70 41 25 6 27 39 26 17 29 15 82 27
3 26 2 20 21 26 10 11 5 22 14 15 17 12 17 7 10 18 49 10 18 18 44 78 20 21 37
3 17 28 11 8 52 15 29 36 47 9 29 13 9 18 5 31 15 1 20 12 23 8 14 9 8 81
27 27 1 29 10 39 54 87 25 25 1 22 14 26 20 8 13 9 54 37 6 13 15 17 20 75 23
37 11 8 24 4 26 58 8 79 40 11 10 24 31 18 16 81 7 10 30 28 24 4 21 9 14 19
71 12 7 27 17 19 31 28 9 30 33 47 25 17 27 17 79 18 16 2 21 2 3 1 2 29 21
8 16 24 15 2 7 24 5 18 18 46 9 56 3 18 40 15 27 9 10 18 65 33 35 1 11 22
6 10 32 24 10 9 34 24 40 29 21 14 2 12 7 11 72 19 3 2 78 14 19 35 7 17 39
29 18 11 46 2 20 2 15 42 24 10 11 4 12 6 1 6 24 29 66 17 15 7 3 2 73 37
14 40 74 33 30 11 17 9 82 5 2 27 2 33 2 13 25 22 29 11 18 16 28 22 16 2 83
37 34 28 17 30 24 19 16 36 23 26 22 24 23 36 38 46 5 3 5 23 38 68 18 1 91 11
41 11 90 5 2 14 32 28 10 12 2 24 8 58 49 29 87 23 52 1 9 77 21 6 3 30 6
11 27 61 79 17 1 24 88 13 29 57 69 29 18 13 10 1 13 35 9 8 34 19 29 37 13 19
16 9 11 4 21 22 15 24 37 39 23 8 23 69 51 39 53 2 3 15 27 16 27 46 3 50 15
67 72 9 33 82 25 19 3 23 12 1 4 21 6 27 17 19 24 11 19 25 1 15 41 22 26 24
5 18 97 1 20 22 9 2 12 67 10 28 16 17 7 29 92 3 79 15 12 36 10 46 38 3 9
24 39 42 81 28 99 2 22 87 83 56 20 26 9 40 28 22 5 21 7 5 33 19 70 16 30 25
4 21 16 10 20 13 29 32 8 15 6 25 14 30 7 50 8 8 73 70 5 22 19 70 23 14 21
38 3 28 14 1 27 17 1 25 8 47 25 13 65 48 2 23 77 12 1 40 20 65 8 11 25 78
26 2 32 12 77 29 23 72 7 4 5 5 17 28 10 82 17 29 30 15 66 19 23 18 5 29 24
26 22 36 5 24 8 7 8 3 27 20 20 36 10 25 16 30 21 39 23 16 19 8 12 28 2 37
13 20 8 19 28 2 8 14 26 30 52 29 36 51 14 38 45 4 33 42 13 8 6 7 31 18 11
16 22 19 21 9 9 6 3 12 23 14 12 39 4 3 12 21 16 5 16 89 21 9 4 20 20 70
18 72 6 27 1 5 18 9 26 7 18 6 26 17 1 79 30 87 13 6 2 20 24 3 13 3 21
30 15 28 14 15 68 22 26 32 19 33 11 6 18 20 19 35 18 18 17 16 27 22 35 3 14 45
27 10 24 39 7 15 27 87 11 5 5 7 25 39 10 27 8 13 28 3 15 9 17 15 51 14 26
15 8 4 22 23 33 11 7 64 3 34 18 21 20 4 4 13 7 11 6 21 16 57 14 36 4 21
16 17 62 5 2 12 19 7 20 44 18 51 88 23 11 27 44 23 12 31 1 20 18 16 22 3 84
67 9 17 11 5 16 19 60 21 80 8 28 2 30 15 5 6 22 22 47 81 27 22 80 8 72 62
3 21 38 5 30 5 3 23 65 36 28 31 26 25 14 27 48 24 23 14 5 25 1 23 78 85 23
14 73 27 26 18 29 14 26 46 15 85 35 17 31 4 26 25 18 31 8 17 52 33 29 45 90 29
15 37 26 28 1 14 8 18 28 78 13 4 18 27 8 9 10 30 19 18 16 41 24 11 28 4 63
12 6 8 26 13 8 35 68 88 39 53 13 24 62 5 16 48 13 13 7 69 17 4 29 14 18 6
71 21 23 19 13 11 26 69 16 5 1 4 23 6 23 5 69 1 30 2 38 42 37 8 13 60 37
37 3 15 6 69 69 31 9 24 15 88 52 12 39 11 9 7 32 38 90 11 28 11 27 16 25 50
6 7 34 17 26 25 28 37 15 45 18 84 45 24 64 3 3 20 26 40 15 15 24 11 21 44 6
28 17 8 24 6 93 11 77 3 1 10 23 16 24 38 21 18 7 16 42 8 12 8 12 31 12 27
19 7 93 28 26 23 13 16 84 34 24 28 16 21 77 20 26 76 27 9 12 15 61 32 7 39 20
21 12 11 2 24 27 29 9 24 57 32 22 8 28 21 1 30 30 56 39 3 34 9 23 2 2 24
7 22 30 25 6 3 20 5 14 17 11 70 5 12 57 21 3 13 27 25 5 59 42 27 23 21 13
15 7 10 40 10 1 9 3 22 30 22 22 17 18 15 4 24 26 23 11 24 12 14 25 78 11 17
29 19 83 29 17 6 9 19 6 25 12 26 17 32 14 3 35 30 7 21 15 5 18 69 19 22 19
1 5 6 29 40 38 19 1 21 29 2 46 14 63 4 82 28 23 1 17 22 8 81 16 16 19 3
48 26 10 40 12 22 20 29 9 9 28 24 12 84 5 4 37 15 27 10 8 100 19 19 25 11 20
15 14 2 7 31 10 17 9 27 6 25 9 11 13 72 15 12 21 5 6 5 55 11 10 61 3 30
19 20 80 37 17 1 9 12 1 21 30 7 10 23 3 26 10 75 25 30 34 8 20 8 5 11 8
14 7 22 15 36 26 3 20 1 34 21 22 72 4 10 1 27 27 34 12 1 40 24 32 26 14 5
5 19 9 82 21 57 10 35 81 25 44 65 11 27 10 1 22 73 21 18 33 15 38 23 5 15 88
55 87 75 7 21 21 24 16 24 31 17 30 20 21 2 11 30 17 29 17 6 61 24 40 29 11 12
25 14 8 39 15 28 15 15 23 16 14 13 3 28 29 26 12 12 23 21 53 24 15 15 1 15 23
81 51 17 23 20 10 1 28 9 32 10 78 45 15 39 19 6 20 10 26 4 22 8 20 67 4 6
20 16 67 7 21 16 19 22 1 20 6 15 12 25 30 9 6 24 14 45 42 23 39 77 32 5 18
3 67 30 19 25 11 60 27 11 23 15 26 24 4 84 19 58 87 29 1 27 32 40 22 2 1 46
21 23 10 15 80 26 43 30 21 12 19 12 22 33 85 26 17 52 16 24 80 30 18 25 10 6 8
29 12 3 19 58 16 3 14 37 6 3 8 38 15 12 13 25 19 12 2 61 22 2 13 13 7 26
20 4 21 14 23 23 21 23 20 26 14 53 6 38 4 10 16 5 62 8 4 17 9 24 3 39 48
28 31 39 9 8 30 11 32 35 39 23 19 28 74 2 1 25 71 30 4 26 2 4 83 14 14 7
38 39 22 15 73 15 42 68 68 8 12 9 34 26 21 40 9 53 15 55 35 19 30 15 20 26 18
14 28 10 20 30 6 25 29 28 34 26 9 24 38 4 24 21 20 27 28 9 22 42 1 23 4 5
20 18 34 29 22 2 22 10 15 47 15 12 25 3 24 17 11 40 85 32 18 38 29 15 52 25 28
23 26 15 23 13 13 21 20 13 66 12 76 10 32 28 18 21 25 80 68 13 54 13 23 26 5 87
93 5 10 69 22 22 9 26 57 17 26 21 7 77 19 2 19 4 24 30 18 17 21 22 4 19 9
39 28 23 29 17 13 22 6 17 14 7 17 20 5 3 10 84 1 21 7 68 25 2 13 47 25 13
11 26 15 25 21 1 24 18 50 31 2 19 10 14 23 29 3 18 27 12 15 72 28 78 26 8 87
21 16 1 14 10 17 29 10 15 21 55 29 2 6 8 28 20 7 88 17 24 17 1 31 79 4 11
38 16 68 12 12 37 39 25 8 75 21 12 19 9 58 81 76 34 31 14 7 18 14 27 12 34 52
10 24 26 16 29 15 22 3 5 92 23 22 1 67 26 33 14 16 14 30 14 33 7 29 44 5 24
22 2 25 25 14 2 10 4 7 22 51 18 9 28 7 14 12 21 6 9 24 21 23 4 59 31 18
57 10 8 12 32 35 30 73 4 22 12 18 6 20 13 22 10 9 8 13 21 12 5 37 6 25 7
24 51 1 34 29 12 40 22 15 27 35 18 13 39 3 10 14 38 17 6 4 5 9 25 7 4 28
35 20 89 17 2 33 15 15 27 6 17 21 22 17 8 21 8 22 4 11 92 24 18 89 22 19 11
2 24 19 31 28 17 28 9 13 19 84 6 38 21 12 7 4 15 4 35 27 29 81 15 15 23 22
13 74 12 22 28 38 5 3 4 39 55 1 32 19 37 3 6 29 39 14 17 6 12 27 56 19 12
16 12 30 22 44 5 99 19 55 2 17 10 22 19 18 24 51 73 20 25 24 26 69 27 18 10 45
17 1 49 12 39 84 2 61 16 21 31 57 27 24 12 18 25 1 25 65 13 28 70 40 14 11 5
48 8 12 11 60 20 9 28 15 29 3 24 12 3 16 3 30 33 33 22 11 28 90 20 22 46 7
85 29 35 41 14 89 6 30 27 22 21 10 20 8 17 21 8 13 11 14 14 21 2 28 2 71 20
14 3 1 4 76 93 15 9 26 35 57 48 21 10 29 34 18 12 5 84 7 37 19 44 15 28 20
36 74 52 11 23 35 52 30 18 27 39 14 29 22 30 18 5 22 26 28 17 62 43 17 12 56 27
23 10 15 15 14 93 34 3 15 8 12 25 43 9 12 11 2 40 1 19 17 18 14 4 2 23 20
10 2 7 13 42 2 29 17 12 22 62 9 6 13 37 13 85 76 32 20 23 18 28 47 24 89 65
20 12 26 25 39 24 50 87 28 34 9 6 6 31 13 7 8 14 29 30 10 26 5 14 27 39 62
19 32 9 2 11 55 8 29 8 4 4 22 10 5 8 32 3 43 30 9 31 8 50 27 34 24 28
18 39 16 24 3 13 65 8 16 21 14 83 27 30 12 18 12 5 29 23 5 26 3 6 30 37 25
70 16 4 16 81 16 34 35 22 90 84 1 6 31 25 28 39 3 19 80 2 22 25 35 2 18 16
11 72 10 14 17 24 11 15 5 29 34 26 20 3 12 12 53 40 24 21 22 28 37 14 21 40 17
38 16 5 88 5 20 8 43 14 27 65 1 28 18 20 2 67 18 22 30 10 31 15 5 18 21 27
55 29 2 30 24 59 16 1 30 29 7 8 28 30 28 5 40 1 5 97 37 39 19 27 25 33 19
26 22 49 6 15 44 2 6 20 1 36 61 29 24 9 29 5 22 88 3 9 19 44 8 27 30 7
27 9 25 40 9 15 37 49 37 28 20 9 12 28 52 14 11 25 22 14 23 3 17 8 13 18 10
15 40 5 7 20 26 1 16 36 4 11 5 25 30 30 9 15 35 12 9 21 27 24 47 3 21 84
16 11 15 6 28 64 7 37 10 14 19 47 30 92 28 36 7 18 37 37 13 20 13 27 5 15 25
6 12 71 36 1 9 9 20 21 30 13 4 27 15 80 23 29 11 19 83 23 14 5 32 12 20 19
25 19 5 13 85 29 9 6 64 4 21 20 23 14 28 11 14 13 40 37 27 81 31 7 23 25 27
38 46 20 32 69 5 70 27 27 30 1 59 20 17 1 12 24 18 13 38 59 65 13 21 4 17 31
14 34 3 28 8 7 29 8 23 13 12 15 7 39 8 6 76 7 27 17 88 8 4 27 37 31 81
38 74 22 7 23 28 2 11 17 19 78 23 2 16 24 1 20 87 19 89 21 18 1 25 3 16 24
85 15 12 44 14 14 20 32 1 18 22 17 20 10 29 27 18 8 14 31 27 10 35 19 14 12 14
23 9 40 27 12 17 18 6 2 67 27 28 1 16 26 10 13 8 22 29 26 24 9 30 11 25 46
34 10 22 15 36 24 39 56 29 26 20 23 12 37 8 66 20 12 7 30 13 13 6 24 75 88 26
89 36 5 22 28 2 27 40 10 24 33 26 1 28 24 11 5 24 27 11 90 6 67 27 8 15 6
15 22 60 26 88 20 6 30 22 12 24 21 62 9 36 7 1 2 77 90 6 90 16 49 76 3 26
40 14 67 17 38 62 17 9 53 5 1 7 37 11 10 16 27 29 24 29 5 26 28 15 9 19 5
30 2 11 21 14 23 18 8 33 29 97 29 42 57 15 14 5 19 24 9 29 29 30 27 73 30 38
19 54 9 13 27 37 27 23 36 11 7 17 2 2 97 34 13 40 86 6 4 23 13 14 20 90 12
3 18 47 18 16 73 64 8 21 22 70 2 13 3 28 30 18 12 23 8 12 15 13 30 20 26 32
3 3 32 25 29 35 5 21 31 17 88 18 31 57 28 16 7 38 9 37 8 1 1 59 20 35 5
30 21 80 9 8 14 31 30 13 57 12 12 15 23 26 17 3 30 24 18 32 10 68 63 11 7 2
7 26 1 24 24 4 20 30 6 23 37 20 12 16 27 23 82 5 34 6 38 99 5 21 82 8 13
28 14 60 76 11 27 29 25 23 24 13 12 9 6 17 75 33 1 19 8 1 6 1 4 86 77 17
4 36 30 26 31 27 24 33 12 10 7 2 29 75 23 29 22 10 22 8 31 16 42 70 46 12 6
8 4 12 8 24 21 27 4 26 30 35 16 17 25 13 68 25 4 40 17 30 6 37 21 16 22 26
22 17 8 27 18 13 28 26 24 12 79 13 19 10 19 1 4 14 8 21 11 44 28 4 11 30 11
20 30 23 7 13 6 4 19 32 25 26 2 7 31 23 36 87 5 23 26 18 57 8 12 39 6 62
17 45 6 5 30 5 23 43 5 22 84 8 2 26 18 40 11 4 5 4 9 18 29 13 11 50 17
25 99 25 28 16 3 18 19 7 16 28 23 6 19 5 15 16 20 3 32 2 10 9 14 28 45 7
25 28 22 11 19 84 28 9 69 19 15 13 17 4 19 28 80 19 18 82 21 32 23 37 7 10 76
56 5 1 38 22 20 17 7 17 26 75 30 8 13 10 35 21 24 7 17 10 41 7 17 3 23 5
85 4 4 6 4 9 8 7 15 8 12 26 18 13 27 9 76 8 36 10 3 73 6 25 5 10 62
33 84 9 11 36 40 85 14 3 26 7 25 5 14 28 17 11 17 89 17 39 10 49 39 90 27 22
23 54 52 6 5 26 29 1 65 16 26 48 1 52 28 66 46 28 41 17 38 4 31 18 6 19 27
79 27 24 15 20 8 12 2 15 37 36 8 81 1 3 76 10 70 18 3 7 38 15 10 43 18 24
28 22 8 28 7 28 23 83 21 17 30 17 13 21 32 23 52 7 30 38 7 24 39 17 17 27 14
87 5 21 14 60 18 5 43 5 60 7 24 19 21 18 57 26 25 25 46 17 21 28 34 8 29 6
30 64 9 21 19 40 80 3 7 58 37 29 12 19 85 5 7 22 59 10 3 26 47 67 31 21 37
63 6 11 25 8 11 1 19 26 13 4 23 27 18 27 6 20 12 13 29 24 1 27 83 33 19 39
16 82 18 25 32 20 83 27 2 9 12 8 25 10 10 11 84 25 37 4 15 29 9 16 3 56 18
25 22 37 22 18 14 9 68 3 65 12 22 13 25 33 1 11 25 1 7 11 14 6 25 16 29 27
61 88 7 26 12 21 18 20 83 28 33 1 33 4 9 22 1 2 18 43 91 26 5 51 22 80 21
72 18 90 32 13 24 29 8 83 7 38 11 57 25 55 2 22 16 40 5 11 13 33 23 28 62 25
78 32 25 22 48 1 16 84 4 30 8 28 15 7 36 19 5 26 1 21 13 7 37 20 5 1 1
48 9 35 14 46 27 4 1 38 88 28 88 18 87 11 6 2 28 1 23 11 15 19 36 8 11 23
21 3 83 19 12 9 11 12 19 2 81 9 21 5 19 17 12 49 15 75 69 16 82 7 20 6 40
40 30 10 4 46 76 33 17 33 21 15 82 13 11 24 27 3 6 23 24 75 25 3 4 30 12 10
9 7 13 9 29 18 10 9 3 19 16 6 71 27 19 60 15 12 14 8 26 21 15 8 7 61 15
4 35 26 10 2 4 11 1 8 19 30 21 12 16 30 23 23 45 38 16 11 13 27 17 22 15 23
25 26 33 24 65 90 36 23 25 67 10 9 23 9 29 7 15 33 24 57 2 37 4 6 68 9 39
24 20 96 23 24 3 12 39 24 18 15 60 26 9 24 4 15 69 70 23 30 27 14 69 16 23 54
32 29 20 3 23 83 2 26 20 9 16 5 22 7 12 1 22 10 30 5 90 46 7 1 9 17 11
57 17 42 2 27 29 52 31 13 25 15 12 23 2 28 1 23 13 66 84 4 9 40 12 42 1 54
20 5 39 12 12 6 31 42 38 10 17 24 11 17 23 36 10 14 15 20 32 30 11 6 11 4 27
64 47 21 26 55 30 7 54 3 6 7 11 2 25 63 13 23 11 19 9 4 22 13 19 26 28 29
32 78 25 30 23 29 85 8 20 17 12 25 11 6 27 42 3 25 16 13 7 30 49 20 13 29 32
20 2 19 29 15 8 4 74 23 47 27 12 8 9 14 29 27 8 38 9 18 24 40 5 19 35 7
33 50 7 20 9 16 30 32 5 27 27 20 16 1 24 34 24 53 20 44 18 10 22 12 7 25 24
24 7 17 1 31 14 28 26 12 26 39 86 30 29 28 19 14 14 30 20 62 78 4 23 2 20 76
43 5 20 40 45 57 26 24 92 27 58 28 8 32 6 19 1 7 17 3 28 24 40 10 16 69 19
26 41 28 22 11 30 4 9 26 23 21 3 27 21 14 36 59 14 79 52 1 23 18 29 21 82 27
40 38 4 34 72 86 5 7 11 3 8 30 12 5 55 19 45 27 17 14 33 25 16 10 21 25 12
21 28 1 29 23 5 67 20 32 18 14 15 18 10 76 37 98 11 30 1 12 84 9 9 2 29 26
14 29 10 26 23 30 18 9 12 37 36 6 13 55 24 28 12 95 74 4 25 24 25 15 3 17 17
18 34 49 29 25 25 7 27 2 26 15 23 9 19 7 10 31 35 1 22 15 4 19 24 40 21 10
13 25 13 22 28 11 20 26 19 12 24 19 11 26 27 11 25 25 82 15 2 80 36 28 22 20 28
29 5 15 90 30 20 4 19 35 25 56 4 37 10 47 27 14 29 16 21 65 23 28 20 6 4 38
87 10 1 19 17 1 13 11 26 5 20 5 7 9 35 27 53 26 15 20 27 21 22 3 57 25 1
22 43 15 30 10 34 22 96 31 29 57 3 76 5 16 2 27 33 28 10 34 18 8 17 6 7 7
15 49 13 8 78 11 17 14 43 36 11 79 35 27 48 18 18 5 38 9 14 29 22 28 10 18 24
34 8 4 25 4 35 13 8 4 15 18 29 2 3 28 49 27 30 3 13 7 72 27 84 31 7 8
32 57 1 24 21 66 20 16 16 15 26 18 53 43 4 3 13 33 28 84 21 27 13 20 22 1 24
2 35 60 20 29 20 27 28 5 73 23 36 30 20 12 28 8 47 82 39 66 23 72 36 11 21 13
19 36 18 29 13 30 38 16 4 3 31 3 9 8 29 25 30 22 21 13 1 12 21 80 24 1 11
4 6 13 18 18 20 14 40 7 47 26 19 26 16 48 30 37 54 26 30 15 13 3 27 15 18 14
12 14 18 20 3 24 9 75 10 9 9 46 7 8 70 26 4 11 81 12 85 69 45 4 10 38 10
17 19 4 64 11 12 9 16 4 7 5 80 6 78 33 53 4 21 21 13 28 32 9 24 35 25 35
45 14 10 83 24 13 4 9 31 24 29 26 2 24 20 26 18 13 17 39 27 24 14 30 13 64 7
23 29 19 67 16 8 17 17 30 14 71 2 55 25 54 17 14 5 21 27 34 17 45 26 21 24 29
17 4 21 10 20 31 5 30 25 46 10 26 1 21 18 57 3 24 24 28 28 35 27 15 89 81 8
73 4 15 28 25 16 40 36 5 30 51 3 54 62 9 5 30 30 16 4 33 37 8 44 41 40 19
21 8 11 10 9 7 7 17 10 32 4 18 16 16 5 30 11 24 26 25 72 12 44 20 9 18 29
18 5 80 1 43 94 6 29 6 65 22 18 46 19 26 20 3 55 40 6 28 48 52 14 81 23 3
74 10 18 23 9 4 40 11 81 22 14 83 20 26 20 71 88 4 25 26 4 90 22 16 28 26 30
18 40 22 25 37 2 15 20 7 16 3 32 9 13 63 34 10 18 8 17 88 24 4 7 13 17 34
4 1 15 36 37 17 7 5 29 36 31 38 90 9 70 15 73 11 81 1 36 13 87 32 4 22 26
2 65 31 22 21 30 10 24 90 7 9 1 19 10 8 38 14 5 20 34 17 79 65 78 35 1 10
19 55 10 7 4 38 20 14 52 3 18 74 25 17 19 13 26 15 48 14 62 26 5 5 15 39 27
61 77 13 29 80 51 40 2 3 21 9 2 25 15 25 29 99 20 1 5 64 22 74 9 84 20 95
15 25 10 9 25 25 14 39 1 21 30 23 1 4 1 25 21 10 4 7 7 20 1 17 9 18 12
17 13 13 4 83 13 2 39 84 16 11 40 62 19 21 9 28 21 48 19 4 1 16 16 20 12 36
11 15 71 26 45 7 30 7 60 30 12 43 40 38 10 27 27 34 14 28 24 21 4 23 36 9 75
10 10 35 28 38 68 13 31 84 17 20 29 19 13 31 27 9 13 3 32 2 6 9 8 5 21 11
28 19 17 6 13 22 15 13 86 5 14 3 19 7 51 73 15 1 29 4 80 4 8 28 27 8 34
80 15 3 9 9 3 7 23 7 15 23 39 27 15 26 24 7 11 11 9 29 29 1 29 39 29 21
12 37 18 34 3 23 1 17 5 32 10 45 32 8 14 5 18 11 18 16 24 23 25 8 24 43 45
12 12 19 35 6 12 27 16 55 66 18 11 10 22 31 26 4 19 18 88 7 73 9 4 86 25 11
25 86 18 14 46 14 17 23 26 25 24 39 25 30 23 12 61 26 42 54 5 17 27 12 29 38 6
14 92 17 10 29 26 7 20 7 14 24 23 10 17 36 17 34 10 10 12 2 76 27 3 12 29 8
9 6 30 12 7 30 14 7 10 2 20 25 25 24 30 15 20 25 24 48 6 8 6 18 86 69 4
48 10 32 86 8 7 27 21 15 2 1 18 10 30 32 16 75 17 14 47 29 26 39 30 34 4 65
17 23 1 28 17 23 8 6 27 9 9 19 21 11 5 21 2 49 57 28 14 21 14 88 9 27 22
14 36 11 20 23 13 14 12 89 24 9 36 30 6 2 62 10 15 57 6 54 4 25 26 23 55 17
28 21 69 47 18 33 3 21 12 7 28 56 24 18 4 14 24 5 26 27 4 2 11 62 16 11 27
13 21 29 5 38 4 25 15 49 27 82 5 9 23 15 23 27 14 75 19 30 23 22 9 1 44 34
6 26 2 13 8 65 19 36 16 5 72 65 36 28 29 4 13 28 57 12 28 9 23 24 22 29 24
19 71 2 4 28 76 27 31 65 13 21 18 21 25 21 29 61 23 69 9 3 20 44 5 24 23 35
26 71 2 24 24 16 23 25 25 56 4 14 16 50 8 97 2 10 7 29 32 11 20 16 20 39 12
81 20 12 15 25 28 22 9 18 12 18 7 21 35 30 32 26 8 1 10 28 39 18 2 8 16 28
14 59 94 31 23 18 30 24 20 10 11 35 23 16 28 23 8 17 28 37 22 8 15 40 22 18 30
57 1 4 19 7 16 18 20 26 12 21 18 16 2 22 66 83 10 7 84 8 11 29 14 27 14 8
41 50 78 26 38 15 19 31 28 30 7 18 33 72 30 38 21 10 15 12 7 6 25 18 7 13 21
6 13 29 1 3 25 55 75 38 60 9 16 8 4 13 40 20 18 20 60 17 64 16 9 27 10 2
40 27 5 2 27 57 2 18 32 10 22 3 12 76 25 30 18 32 3 20 22 19 17 5 7 17 26
14 30 5 17 88 23 21 30 25 21 21 27 30 12 33 10 3 23 31 41 42 3 8 8 24 47 16
20 8 5 74 11 13 37 21 25 34 14 10 30 49 30 16 26 16 4 17 12 22 21 21 30 23 90
2 10 27 52 24 22 10 30 18 13 30 17 14 5 7 18 34 4 6 26 14 59 30 17 23 27 18
89 28 9 13 29 25 17 20 15 25 5 38 13 16 10 45 23 19 86 5 44 15 7 15 84 21 9
31 24 11 7 23 7 11 10 11 31 11 26 19 5 77 27 31 61 70 18 10 36 21 8 19 28 31
7 21 4 18 48 27 29 34 1 14 12 14 3 34 90 18 23 81 12 27 22 9 26 8 28 28 93
5 8 4 23 13 83 13 18 11 21 27 26 22 11 2 37 25 3 3 20 18 13 15 5 37 33 5
16 5 26 1 7 46 23 93 2 15 14 29 2 20 27 6 12 63 20 13 28 9 12 32 24 10 17
25 7 24 17 23 7 68 21 16 68 85 7 13 1 9 14 9 39 1 33 8 32 22 26 3 26 7
20 36 1 18 18 35 12 14 5 88 6 15 15 3 73 79 30 26 13 2 31 19 70 21 41 24 14
13 14 44 63 60 18 28 9 6 3 26 4 56 19 16 16 30 81 64 7 65 4 27 27 24 15 60
43 17 31 16 17 10 14 3 51 14 35 14 20 79 76 36 53 60 26 54 15 20 1 23 17 11 19
19 15 17 35 25 60 19 3 5 2 8 27 3 22 19 39 11 2 78 34 18 70 66 15 9 14 13
23 2 16 3 1 67 29 4 81 6 19 21 25 28 22 17 10 58 22 21 38 14 13 4 4 34 11
83 35 8 7 23 9 27 6 80 23 23 16 4 29 26 3 10 12 20 5 27 21 19 36 69 11 14
5 88 30 19 12 11 17 25 73 1 21 51 7 6 3 14 4 5 65 16 18 19 41 38 15 16 21
9 9 16 16 34 24 88 10 21 11 41 89 38 88 26 20 23 27 5 22 13 38 35 14 9 10 10
59 4 42 14 21 17 61 4 15 23 9 68 1 2 6 4 72 35 35 33 22 26 56 79 3 25 19
25 12 69 24 39 10 17 28 3 8 20 74 19 18 29 22 16 22 3 81 74 40 61 52 2 65 17
97 26 12 35 38 63 62 28 15 25 28 16 13 28 27 20 9 14 26 21 11 14 20 2 28 30 18
11 12 23 32 74 19 8 84 70 4 33 24 17 9 21 18 18 52 5 12 24 14 37 45 2 11 26
18 80 28 12 10 53 24 16 40 45 24 22 28 25 67 58 52 10 3 10 27 7 94 8 23 4 33
60 8 25 17 12 5 12 22 71 31 30 30 40 23 13 21 13 4 27 4 1 5 4 25 4 30 4
1 15 9 76 26 25 16 13 24 2 5 24 52 8 6 15 23 15 29 50 90 4 26 74 4 21 27
44 21 14 1 26 19 50 36 3 10 3 21 41 17 27 23 10 63 27 10 29 1 23 14 28 7 6
1 27 3 3 9 4 16 74 10 8 8 13 29 12 3 75 61 81 5 24 17 16 28 8 9 16 26
11 7 20 20 11 46 24 58 6 12 16 13 78 1 23 14 6 25 35 34 6 32 16 82 1 13 17
6 6 10 1 14 18 30 17 5 59 26 6 18 27 79 24 26 23 19 33 13 16 31 22 82 7 14
27 32 24 26 8 24 10 19 32 26 24 68 25 16 79 22 3 86 13 48 4 21 3 25 39 26 1
3 23 22 15 22 34 1 3 11 3 12 15 5 28 66 14 32 86 23 10 17 22 2 17 11 14 26
34 18 12 38 14 29 1 22 69 15 3 21 21 7 42 21 22 54 9 17 35 2 56 7 98 27 26
11 20 21 19 36 3 11 29 33 28 25 30 19 19 28 35 9 60 24 90 29 23 22 17 19 15 18
28 3 4 12 5 22 2 5 16 35 11 10 11 4 2 29 8 31 37 58 11 17 8 22 70 21 1
27 26 4 30 24 15 25 64 26 41 22 13 19 29 28 2 50 25 7 4 9 23 19 26 26 22 3
16 10 70 4 16 3 4 23 1 40 5 14 12 25 4 28 1 29 25 42 99 6 61 84 30 10 87
24 26 22 28 5 98 11 27 28 39 18 46 9 14 3 14 20 18 15 22 19 10 8 25 16 58 8
34 18 33 3 8 59 6 38 21 76 14 28 8 27 5 12 31 20 28 22 30 72 40 36 24 12 10
36 26 49 36 9 29 60 53 14 20 30 46 22 23 15 28 35 27 17 21 29 23 15 6 4 11 26
13 14 25 11 3 2 25 30 1 36 9 14 30 70 75 16 3 39 27 28 14 2 5 29 30 23 17
29 25 24 14 16 69 16 75 13 7 17 2 66 18 4 25 12 32 36 14 7 15 2 19 21 24 81
39 9 27 24 43 38 3 14 68 5 18 1 3 36 58 84 21 35 25 12 2 11 8 1 7 7 49
25 19 29 48 10 17 50 16 21 27 13 9 5 28 74 30 15 1 21 8 16 11 5 27 28 4 29
9 24 12 21 3 56 4 20 1 68 26 8 22 24 2 83 24 15 73 84 10 15 18 3 25 27 37
24 35 4 57 8 34 29 16 3 19 6 5 82 61 9 7 22 20 17 17 16 23 17 28 36 29 73
9 19 29 3 15 25 3 43 27 89 23 24 19 29 28 13 1 5 12 39 28 3 8 14 27 56 10
7 64 38 21 37 21 2 28 20 11 7 9 18 34 35 4 25 7 14 28 29 3 25 1 6 24 27
4 73 3 25 8 38 22 9 1 42 16 21 53 85 17 34 28 14 38 16 72 17 26 12 5 27 16
35 34 74 3 37 77 19 5 28 15 31 15 16 51 54 25 7 81 40 33 16 7 1 27 6 15 28
81 54 37 1 22 5 76 8 19 4 44 27 47 47 25 18 8 40 26 23 26 84 3 11 80 8 6
6 62 30 2 95 74 22 20 14 11 11 32 28 24 28 17 36 13 28 3 24 29 27 9 70 19 24
23 24 9 18 31 13 24 31 13 4 18 8 28 28 25 30 11 64 89 25 57 5 10 29 24 11 54
30 3 18 26 37 21 3 13 18 25 31 11 20 2 25 22 25 69 10 39 80 9 19 3 3 6 80
6 1 26 11 12 13 20 25 6 2 36 5 20 17 21 37 5 39 16 24 34 23 7 33 19 30 6
14 29 4 29 5 64 10 31 25 16 3 28 16 66 29 10 20 3 28 23 4 13 3 10 7 7 24
23 4 34 20 10 9 8 5 6 23 28 15 8 9 7 23 6 10 19 22 18 40 26 6 88 8 8
40 50 5 59 24 12 28 4 11 80 12 15 10 13 1 14 13 86 28 67 97 46 26 24 38 55 6
40 45 27 10 22 78 26 54 29 9 93 76 28 38 5 7 68 32 32 89 11 15 6 22 25 20 40
19 16 6 16 13 1 36 30 28 77 87 18 6 25 15 11 28 40 5 15 34 10 8 3 14 28 12
20 26 24 15 28 68 16 24 12 26 79 19 43 19 14 22 35 63 20 39 17 4 11 14 40 19 2
9 19 29 16 5 44 17 13 9 7 14 19 10 65 15 12 30 56 13 10 30 1 25 7 34 14 62
24 18 21 9 21 1 10 11 84 9 41 8 10 1 15 68 33 48 22 28 25 13 19 5 19 30 5
10 7 17 83 10 28 3 19 5 21 23 26 20 12 22 19 6 47 9 13 14 71 18 23 19 20 6
33 3 10 98 18 8 82 21 37 14 4 16 27 24 3 13 53 9 50 8 27 28 25 34 26 4 21
19 8 9 19 19 19 25 35 23 28 17 62 4 4 25 5 12 27 56 7 15 13 46 23 47 62 12
25 25 8 11 30 9 7 4 8 42 3 10 14 12 12 18 20 70 17 23 19 36 17 6 35 15 25
20 15 6 58 4 37 48 13 20 13 28 23 76 10 20 28 3 31 35 35 91 42 39 28 100 21 38
65 21 13 27 16 1 4 78 31 23 97 26 13 26 6 10 13 10 5 38 36 52 45 16 1 45 26
78 31 56 36 35 23 8 15 34 16 14 27 12 18 15 7 11 23 49 18 8 7 1 26 4 13 36
14 12 12 30 10 22 2 21 3 15 61 21 56 6 31 33 41 7 5 76 22 20 25 13 24 26 58
11 21 6 10 43 74 10 14 9 13 38 11 27 12 28 5 14 30 13 18 14 28 13 27 25 27 3
16 83 23 12 28 25 27 6 37 25 3 21 17 26 27 9 39 24 7 5 3 54 24 47 38 10 86
4 3 34 30 17 35 27 29 7 6 49 25 2 15 7 19 4 5 40 23 30 2 29 16 30 9 19
10 47 25 29 62 28 23 26 74 6 25 11 5 10 18 20 18 16 52 19 18 12 1 19 30 22 24
28 77 18 23 67 22 5 28 11 16 21 19 16 30 27 13 20 1 15 16 10 10 14 11 1 16 17
20 10 3 5 5 2 6 15 19 22 31 6 27 22 12 2 7 9 13 10 3 7 12 25 34 9 23
3 75 28 12 7 61 18 37 2 6 27 25 12 75 58 6 45 28 21 16 17 33 2 13 53 10 9
8 19 26 12 47 17 7 8 12 91 14 17 15 24 29 62 5 12 8 29 33 84 10 45 15 11 24
1 26 1 39 18 22 37 16 26 29 17 40 11 7 30 4 25 22 12 28 26 13 11 16 11 24 20
12 24 12 25 7 20 15 5 15 25 17 40 24 19 83 8 25 12 55 21 8 22 20 19 62 7 27
13 25 27 1 62 47 9 19 21 15 4 2 8 80 2 81 3 1 20 20 17 7 23 27 13 19 20
14 60 16 31 17 84 66 15 36 9 59 10 16 11 12 4 17 2 5 2 37 16 12 30 21 69 33
2 40 6 28 24 76 29 69 17 37 70 30 69 25 6 12 2 19 29 26 35 44 3 20 31 22 43
97 8 2 40 34 6 9 25 22 28 6 21 71 13 40 23 31 27 27 40 28 13 5 25 6 29 26
9 17 1 12 3 14 72 77 2 7 14 44 14 36 25 82 2 36 6 20 17 4 24 10 32 27 40
6 25 30 20 20 20 12 21 27 30 10 17 13 39 1 27 32 16 9 3 18 22 18 58 9 1 2
30 30 1 76 21 66 10 2 22 76 74 34 8 15 18 34 13 2 30 20 29 7 12 24 12 5 6
27 77 11 21 24 26 15 21 4 8 27 19 27 1 73 9 30 63 5 14 7 8 6 8 1 59 24
7 29 24 32 22 1 26 24 22 22 30 1 15 29 29 16 38 3 10 30 26 8 20 27 34 6 53
62 89 26 24 21 16 24 5 17 45 9 20 41 27 30 27 24 14 30 13 1 3 73 15 38 17 4
34 4 30 1 4 8 7 84 34 40 8 20 8 13 36 24 97 22 19 24 15 14 24 2 4 28 26
1 28 78 34 14 31 18 27 9 29 35 7 24 12 21 4 18 24 16 5 28 4 53 40 2 76 61
8 49 22 11 17 11 38 1 25 52 45 11 31 29 21 27 28 22 17 1 10 21 2 29 16 12 2
34 57 18 7 27 21 29 32 49 10 16 64 5 24 6 23 17 83 20 80 28 1 84 7 19 18 19
17 19 27 33 1 29 30 10 3 15 62 10 11 2 12 22 38 6 22 1 1 26 2 13 73 9 15
10 35 1 1 32 11 1 28 30 24 22 6 2 15 12 30 24 13 5 24 16 78 14 15 83 21 21
6 35 19 34 8 4 81 20 24 27 15 67 30 15 28 16 6 15 25 11 89 14 10 16 77 24 9
8 26 89 65 13 23 6 22 23 54 30 4 18 19 35 19 40 16 1 28 6 25 10 29 42 73 42
12 44 26 30 21 1 17 8 22 9 19 7 8 13 11 43 18 2 8 2 4 24 10 82 28 19 55
13 17 77 13 30 33 21 5 11 26 18 12 9 19 40 9 4 14 9 22 12 30 34 49 3 75 24
20 22 17 11 27 27 4 28 5 55 13 5 12 19 15 36 40 13 1 16 19 22 14 42 12 18 41
66 2 16 23 24 8 5 8 24 14 6 19 1 79 7 7 36 29 27 5 66 3 2 26 1 19 31
92 33 40 14 27 61 85 38 33 13 14 26 11 16 12 18 5 29 39 17 32 27 2 11 27 4 40
30 30 18 19 37 36 9 14 6 24 24 26 15 9 49 2 11 34 11 23 25 21 59 24 23 33 9
22 26 25 32 10 29 27 19 2 36 76 26 4 13 22 26 2 7 66 26 49 2 1 2 35 7 5
2 3 15 20 50 17 27 89 19 23 11 17 25 12 26 24 11 9 30 30 55 15 69 15 46 19 18
23 4 25 36 21 40 14 20 24 6 20 34 37 3 30 16 13 30 10 56 12 16 22 18 8 25 19
19 41 38 46 45 1 11 25 43 20 24 22 6 28 14 3 3 23 10 20 21 24 12 8 23 2 22
4 21 30 30 23 19 34 28 6 2 32 80 67 26 25 88 10 28 27 83 15 39 14 72 11 24 2
6 4 71 40 15 8 2 33 7 9 12 14 24 3 15 40 66 13 16 5 3 19 48 29 40 13 20
32 25 5 22 18 30 58 11 27 20 39 63 22 22 20 21 26 15 52 21 60 29 11 9 17 6 6
25 34 14 17 7 43 16 18 34 19 8 12 14 30 83 60 28 25 32 1 22 19 1 9 22 21 70
12 31 8 49 23 2 7 21 25 21 29 3 20 11 26 26 30 79 53 21 59 17 16 16 28 5 21
11 18 5 2 2 25 18 89 54 12 42 2 37 27 2 15 18 24 15 37 40 1 18 16 47 20 28
52 11 29 23 30 71 12 14 30 8 26 86 8 14 11 5 39 10 13 8 3 22 1 14 66 8 26
1 71 15 39 5 10 83 14 64 3 7 19 38 37 9 3 38 4 12 9 42 5 38 12 21 54 18
17 21 3 26 15 18 17 3 12 54 6 25 26 72 28 57 12 10 18 16 36 10 18 1 42 30 5
12 30 19 15 59 30 34 50 89 39 8 28 59 36 17 27 26 11 36 3 2 1 25 8 17 16 39
7 27 15 21 45 10 24 40 9 4 87 26 25 3 28 10 24 18 2 6 17 1 14 26 30 18 27
7 2 8 59 6 17 10 68 7 30 7 22 22 25 17 89 24 15 1 33 1 33 75 89 5 47 17
11 6 11 22 29 87 2 25 12 37 33 26 33 10 3 23 29 18 19 6 4 9 1 41 22 88 28
3 8 6 15 7 17 35 80 29 79 3 8 19 18 21 5 21 53 19 30 30 59 38 9 63 29 4
24 20 7 37 29 16 39 34 8 17 39 15 10 1 23 17 54 26 10 36 21 17 25 3 22 7 12
45 17 22 39 12 10 5 12 28 22 30 29 27 9 24 7 57 18 11 3 26 31 3 25 3 4 15
25 33 33 23 6 39 26 22 49 24 9 10 67 51 12 55 4 98 5 28 1 10 24 10 11 17 35
4 66 98 27 6 7 22 20 27 9 20 63 25 14 25 31 62 77 55 13 88 29 31 29 22 16 3
5 29 32 15 10 26 5 22 10 15 13 14 60 4 33 10 19 6 34 12 10 18 40 16 9 73 18
21 29 16 3 64 9 5 27 4 67 38 20 4 21 78 1 16 16 13 2 27 6 16 17 18 26 28
62 16 11 9 20 81 25 84 19 40 83 14 82 25 21 75 4 17 25 76 86 24 30 82 12 20 60
5 29 55 2 19 6 69 7 5 19 94 26 19 32 29 15 10 59 27 15 15 17 9 24 12 3 81
17 15 63 15 5 30 38 26 32 32 37 1 4 24 30 13 15 35 88 20 24 11 90 74 88 21 90
19 63 73 19 66 27 24 15 73 22 26 2 10 35 7 30 12 24 13 27 12 84 4 35 29 6 18
28 25 16 21 22 30 20 55 3 8 53 5 85 26 13 7 26 80 36 28 18 7 100 10 14 4 2
4 61 18 11 5 16 19 28 37 19 9 11 19 90 3 6 2 28 14 24 8 1 5 86 27 10 18
28 24 14 82 23 1 56 8 88 2 33 23 13 29 13 23 29 9 8 18 7 21 53 22 10 2 38
30 9 14 27 54 22 55 15 12 33 13 34 16 1 63 25 16 10 25 63 26 25 38 10 45 8 26
19 5 8 25 29 40 26 27 59 9 7 20 10 7 30 13 25 33 16 26 3 6 34 2 10 13 14
4 35 48 52 7 10 6 5 12 20 5 21 77 21 9 22 20 34 7 13 23 1 14 16 57 17 29
1 77 61 13 6 59 14 8 6 15 27 6 26 24 31 56 39 8 36 19 38 16 14 76 10 9 11
22 12 12 35 3 67 19 2 92 1 86 39 10 21 25 4 10 34 2 30 19 20 58 63 17 14 19
47 16 76 4 35 69 9 31 3 6 8 18 75 14 5 33 30 19 26 28 12 5 2 49 23 60 9
20 30 36 9 4 22 11 26 14 19 1 4 23 3 25 33 29 9 40 29 27 28 1 9 1 3 17
52 8 24 30 30 23 28 32 1 63 4 22 26 17 26 8 67 12 26 11 39 23 4 10 25 10 23
11 28 12 13 5 4 76 25 1 19 29 76 2 11 40 3 6 79 28 21 7 23 3 16 12 7 29
37 6 3 15 32 3 18 21 45 1 25 8 68 55 25 28 23 7 27 11 1 21 22 30 31 14 9
8 14 17 16 14 82 86 28 29 27 5 61 20 16 23 25 85 21 83 11 20 6 15 8 79 28 8
9 24 27 14 1 13 4 41 7 16 17 24 27 15 18 19 61 16 43 23 20 22 92 23 20 28 27
17 25 64 8 39 13 33 14 3 21 1 20 46 24 28 14 4 7 58 5 8 28 3 3 13 28 21
30 99 24 3 13 18 75 79 6 22 74 9 8 16 5 47 30 9 25 56 43 9 30 13 22 9 8
15 10 15 35 7 90 8 2 4 28 10 28 19 26 18 38 23 16 5 66 9 25 2 76 79 11 25
77 30 13 13 88 3 6 2 37 57 25 19 39 5 18 17 16 38 2 75 6 10 12 20 27 20 88
55 81 10 3 42 88 12 22 8 14 8 23 14 24 50 88 35 22 16 61 19 7 3 16 32 3 92
2 8 13 61 30 10 4 16 8 10 53 5 38 34 77 29 7 26 21 3 20 20 17 53 2 20 20
26 12 63 18 6 19 56 50 17 1 17 28 77 22 3 24 25 14 23 37 16 22 29 8 4 29 19
19 25 36 17 12 14 19 30 20 5 59 9 7 24 30 74 69 19 7 23 16 34 73 29 12 10 46
26 28 12 2 12 8 22 32 21 34 23 23 89 9 100 14 18 5 36 28 15 20 19 25 26 38 17
77 21 28 14 40 30 34 16 23 8 20 25 13 29 9 1 87 12 29 26 34 4 1 21 32 25 29
2 24 83 41 12 21 35 38 8 23 33 19 7 29 17 22 86 18 27 12 1 7 25 13 22 16 35
27 36 48 13 20 9 57 29 26 37 29 46 2 90 6 65 56 26 25 18 80 25 14 47 15 40 8
14 53 7 5 5 30 6 63 7 18 14 10 12 19 12 5 20 22 84 12 30 18 14 19 2 19 20
30 19 62 30 25 71 19 8 39 35 14 83 8 59 12 13 42 32 33 61 14 12 8 35 31 30 23
13 59 16 25 6 24 4 2 21 22 32 7 26 5 3 29 88 4 39 20 15 16 17 20 20 29 26
19 16 27 26 7 8 7 6 24 6 26 28 8 82 26 18 5 59 73 9 6 19 18 12 25 16 15
4 27 20 15 15 29 25 7 25 24 62 46 25 6 4 14 85 30 12 51 3 33 28 32 5 25 16
87 35 12 2 21 68 70 14 25 27 35 81 95 7 12 10 30 28 30 37 6 30 10 39 13 11 4
4 30 23 6 58 26 25 15 34 13 72 54 3 38 39 23 3 27 26 73 28 22 38 32 24 1 26
6 20 12 28 3 27 5 11 23 2 55 5 45 18 17 21 7 25 49 5 14 5 12 20 30 3 10
11 30 9 25 16 5 8 22 21 24 1 10 16 38 11 16 20 14 93 24 27 3 4 38 20 3 9
8 38 30 10 12 37 12 11 19 26 35 39 25 17 16 9 69 6 9 22 10 30 22 5 16 21 27
1 4 3 15 15 19 23 32 34 5 26 12 3 15 13 15 1 4 41 28 9 15 3 18 8 16 74
66 2 8 26 30 20 98 16 21 28 24 23 21 6 32 38 14 23 67 12 15 20 89 32 75 5 12
7 9 44 17 28 13 6 39 17 33 10 16 27 27 3 23 25 20 3 18 39 35 30 7 19 38 24
60 30 27 29 12 39 26 38 57 13 18 3 33 22 13 17 7 7 14 22 29 21 28 28 24 2 21
20 21 35 11 11 32 14 8 10 2 99 13 70 3 69 22 24 71 23 72 33 4 25 28 59 12 16
8 27 11 1 90 29 20 5 13 11 39 6 24 13 20 48 2 90 17 22 8 22 9 13 28 25 5
13 26 27 23 20 4 16 8 10 80 19 26 13 3 16 65 13 13 5 23 78 2 75 38 29 21 16
18 5 17 18 19 66 58 19 2 12 26 11 6 20 1 9 27 9 75 27 12 18 20 4 82 25 33
22 30 27 23 34 13 98 32 37 22 26 6 15 98 27 28 15 25 37 50 25 16 29 18 80 25 76
12 8 17 9 30 29 12 21 37 57 9 25 5 32 12 1 10 24 74 21 8 19 2 91 37 10 19
15 26 3 26 24 20 15 18 1 4 4 28 3 18 23 29 11 19 37 36 11 56 26 10 9 10 40
8 13 78 24 14 74 13 20 5 30 48 10 13 19 7 29 4 61 12 20 71 57 2 13 29 6 17
11 27 27 81 24 10 17 14 22 30 8 27 10 18 13 74 21 3 12 13 33 63 13 12 26 21 4
17 7 5 28 23 71 31 1 26 11 4 32 18 7 22 27 29 9 13 14 5 13 26 26 14 38 27
22 6 20 21 7 14 20 29 18 7 26 22 15 11 15 50 27 36 20 5 25 21 30 24 46 30 7
33 19 7 85 3 6 14 32 40 25 18 86 16 27 16 30 15 13 79 8 25 8 21 10 19 60 40
81 22 18 17 4 6 15 5 20 21 38 30 1 27 24 27 33 39 8 40 17 22 2 21 57 6 27
12 37 35 20 26 22 52 26 12 18 22 5 29 9 17 3 31 15 10 28 14 18 4 16 6 27 29
50 1 1 6 14 40 35 2 4 5 5 16 38 8 16 52 23 20 13 24 21 42 87 17 25 13 18
22 4 19 11 1 17 27 11 22 9 14 38 28 25 24 3 11 61 25 47 10 28 38 1 54 18 30
73 16 9 21 28 68 28 44 6 26 28 25 74 25 19 18 14 52 72 32 24 6 68 1 40 17 17
8 22 2 8 25 21 1 22 21 22 40 28 65 20 2 17 16 8 87 24 22 8 29 3 22 2 37
28 14 12 7 98 2 1 4 19 9 9 24 29 33 42 19 22 22 24 41 21 29 12 3 11 2 22
25 5 28 44 4 70 16 22 7 18 42 22 19 12 21 32 16 83 5 11 36 6 3 39 24 18 1
5 29 59 17 1 11 27 1 28 1 29 41 15 19 21 67 12 40 19 32 32 39 29 22 23 19 6
13 57 51 79 2 20 11 8 10 2 39 47 8 51 25 44 37 26 29 21 12 24 13 13 10 6 19
15 9 20 2 17 19 2 4 2 38 87 31 20 21 31 25 46 11 26 27 6 22 25 23 17 2 29
60 27 13 8 23 16 26 1 14 17 15 28 86 29 19 53 19 18 26 30 48 18 30 36 81 29 83
18 36 28 13 78 49 17 1 78 25 28 23 21 29 5 26 18 2 13 19 17 69 8 19 22 5 30
21 20 8 5 21 22 10 10 6 15 60 12 3 38 21 25 9 9 19 14 3 26 31 66 23 10 70
61 80 15 24 2 23 81 13 23 51 13 12 12 86 5 27 71 10 25 28 46 12 48 64 10 34 2
51 15 8 8 16 24 1 9 12 27 14 53 7 23 9 5 24 9 61 1 37 17 22 40 30 27 9
10 29 16 24 39 44 57 30 12 8 1 5 48 18 48 20 29 7 12 20 10 46 70 80 8 39 19
29 85 24 50 4 57 27 16 1 16 13 88 9 41 36 4 11 2 64 6 61 68 11 20 81 7 10
8 7 1 6 4 23 15 7 1 24 23 22 12 3 7 90 33 2 19 9 3 17 51 2 14 89 69
6 1 57 29 5 20 3 14 25 7 27 60 12 69 23 29 72 74 20 23 18 3 26 13 14 86 28
10 24 81 93 29 82 65 16 21 23 5 22 20 26 29 14 28 37 25 37 18 10 17 11 13 49 27
38 6 13 20 8 29 2 16 34 64 8 26 14 20 23 20 21 13 37 24 75 80 31 28 18 15 20
24 3 8 10 7 10 14 8 88 10 22 11 69 2 29 46 4 13 14 25 28 4 14 79 19 31 12
12 1 32 28 29 15 74 1 3 13 29 10 31 9 25 68 17 1 33 8 19 19 14 2 4 81 7
62 7 35 12 76 10 4 6 5 4 10 2 10 76 20 6 5 27 39 25 34 29 39 27 3 24 37
14 4 22 14 40 58 19 73 15 17 65 27 75 74 8 26 29 2 12 29 57 8 3 2 20 13 20
16 3 74 14 17 12 6 33 36 4 3 11 32 25 21 47 14 16 29 4 13 27 16 65 30 25 64
15 23 17 55 26 21 15 21 87 17 40 6 79 22 57 22 45 14 34 10 19 20 31 6 13 32 87
67 72 1 27 26 1 5 3 22 26 11 7 10 9 23 80 31 26 7 29 17 18 4 7 12 9 10
79 20 85 28 75 8 8 7 62 71 50 7 15 9 8 22 19 16 39 24 27 57 4 14 37 55 16
6 17 29 18 29 7 10 11 20 21 42 38 39 48 12 28 3 21 9 26 8 9 14 27 4 4 2
21 19 70 25 21 12 59 24 13 4 24 2 21 15 5 21 20 41 21 15 29 69 19 28 19 31 1
7 4 15 5 15 14 29 19 27 11 84 25 19 9 3 20 30 21 10 79 40 6 30 17 79 11 19
1 59 11 38 38 43 79 12 14 9 40 37 6 28 9 14 15 27 25 22 4 14 20 19 36 79 30
24 4 9 13 18 16 22 13 9 28 25 25 40 28 7 27 35 35 12 29 19 1 40 38 28 6 21
6 41 23 17 38 12 20 2 9 21 27 5 10 4 59 32 40 25 15 9 32 1 28 15 41 19 33
85 21 4 2 35 27 9 44 26 23 1 88 25 20 12 24 8 60 2 89 24 21 22 13 29 8 7
3 5 21 22 19 23 16 43 4 3 7 22 30 26 13 30 40 20 75 29 23 24 29 12 3 20 4
16 24 1 33 25 80 8 16 13 4 29 17 5 24 22 27 21 57 50 8 22 16 25 27 58 41 20
8 24 69 8 10 25 4 89 85 18 7 11 17 79 10 27 15 3 19 8 4 31 87 14 14 24 26
30 90 13 20 65 89 58 35 92 26 20 27 69 9 1 5 5 18 20 7 23 1 22 24 59 27 17
30 78 5 62 18 16 33 6 7 20 28 17 12 2 29 25 16 73 40 17 13 29 21 41 12 23 15
28 20 11 16 3 9 17 28 28 14 27 15 13 9 31 4 97 22 27 26 5 17 18 6 6 6 2
6 2 9 3 25 89 3 20 3 16 14 5 80 5 18 18 17 5 64 35 40 2 20 22 44 19 17
10 24 30 26 1 7 7 10 10 34 16 31 27 9 32 12 34 22 61 43 18 22 11 23 21 10 6
19 22 4 21 9 22 9 39 79 11 22 16 8 32 39 28 22 26 16 30 5 40 80 43 26 29 77
23 6 68 25 14 82 62 21 5 33 5 28 28 14 20 46 98 29 10 20 2 12 16 3 28 40 38
50 22 3 27 44 2 26 4 82 93 5 17 89 30 6 14 28 10 13 19 25 22 23 18 18 17 18
71 11 30 8 2 1 19 17 10 40 29 27 52 30 12 2 12 24 35 55 4 13 4 22 28 18 51
4 26 22 25 24 1 6 79 3 29 18 40 11 14 1 22 24 4 17 1 18 10 3 15 38 39 12
6 26 9 23 8 25 23 27 23 37 70 3 5 89 33 5 2 23 27 19 14 90 3 77 13 16 10
26 29 3 1 25 16 10 18 11 8 16 11 33 12 15 14 30 1 28 34 66 13 5 3 10 21 10
37 31 20 31 12 11 22 79 5 27 1 23 30 24 28 22 22 64 54 79 22 3 1 25 62 28 19
20 15 15 12 24 23 44 24 48 10 14 30 11 23 23 27 14 27 15 9 43 26 81 2 39 15 29
26 30 18 33 9 12 37 13 5 27 7 9 12 61 30 11 22 1 6 7 28 63 10 20 11 19 29
5 2 25 1 66 31 18 6 7 4 6 28 39 15 29 14 49 15 14 18 20 34 16 46 26 23 33
21 30 12 21 19 20 29 12 18 28 33 24 27 7 8 32 32 15 20 29 30 8 38 35 13 21 11
16 19 4 11 5 47 2 24 10 27 31 80 35 10 18 35 27 26 29 72 26 4 3 39 25 3 21
30 19 38 37 27 11 9 12 11 13 25 1 21 15 19 69 63 67 17 22 12 39 9 32 8 21 19
11 19 21 29 94 3 14 5 13 26 27 1 14 24 28 39 6 1 43 40 20 15 4 69 20 8 8
5 10 22 24 4 2 6 25 25 5 53 25 1 8 21 23 10 6 19 80 14 26 21 18 10 87 40
12 34 61 3 12 16 19 41 24 27 86 86 6 9 17 99 12 2 17 91 33 29 3 16 25 17 8
14 30 1 10 12 11 5 39 55 29 4 35 22 9 7 22 20 23 9 27 40 32 59 3 5 26 26
27 26 13 10 10 34 7 35 86 26 25 37 24 19 6 48 38 25 27 30 18 87 19 35 32 21 20
4 24 22 3 62 17 13 3 11 1 15 5 26 25 11 6 10 30 30 29 12 10 11 12 10 24 14
17 74 32 4 18 3 28 13 78 14 52 8 17 1 25 26 15 7 25 51 33 38 78 3 73 2 23
2 13 1 79 76 11 23 27 36 24 11 25 25 16 16 28 28 14 32 17 28 18 28 84 1 9 29
33 10 9 26 16 29 58 5 1 16 21 3 8 79 22 10 3 83 9 13 24 22 27 38 15 34 26
30 12 39 7 26 30 48 18 73 6 1 17 26 38 86 89 8 4 9 13 22 5 27 15 17 9 3
21 22 24 5 15 8 14 34 27 7 63 16 3 20 7 16 26 17 24 10 13 29 23 71 6 26 21
20 14 10 20 1 2 36 10 84 32 39 33 1 35 30 1 9 30 68 28 5 27 96 27 21 89 14
6 24 13 16 14 13 7 64 40 15 2 56 21 22 30 15 11 34 13 11 24 5 11 85 5 58 20
24 20 3 36 2 2 7 29 63 7 11 31 13 11 15 73 82 68 21 28 46 57 46 16 4 36 3
5 25 14 27 15 34 19 26 16 1 85 26 29 1 30 2 35 12 16 8 8 30 29 7 7 8 29
10 17 27 64 73 5 33 84 20 9 17 20 36 4 16 33 2 27 34 28 28 29 26 62 18 7 86
17 9 6 2 31 38 21 8 10 18 29 87 69 23 25 17 62 21 35 32 3 1 29 12 6 5 21
9 37 20 6 33 25 29 28 27 60 12 24 31 11 77 28 81 20 25 20 5 48 12 12 18 2 49
56 80 4 40 29 14 11 18 35 8 84 28 40 13 29 29 9 6 32 1 6 71 21 69 16 24 80
18 39 22 22 32 12 20 3 19 1 14 9 16 23 41 29 60 60 23 5 39 20 12 35 29 13 39
6 17 26 18 12 19 8 20 5 4 9 19 24 12 15 30 20 20 12 78 12 15 30 1 26 26 27
37 1 55 20 19 21 21 14 27 77 23 20 4 18 45 15 14 1 12 27 3 19 11 41 9 14 27
63 6 22 11 12 34 24 21 31 33 72 25 22 83 21 22 11 16 22 4 40 18 20 27 20 8 2
7 23 69 35 14 2 37 29 4 8 23 9 23 10 32 6 14 20 73 27 24 84 1 11 13 22 12
16 28 27 15 28 13 2 8 10 21 7 10 34 27 11 18 21 25 77 4 12 10 35 20 27 50 4
5 21 51 6 26 15 18 11 23 32 40 29 23 39 40 23 20 9 25 21 2 36 9 18 2 14 24
57 5 17 23 65 2 87 20 10 62 24 15 22 8 22 30 1 9 26 62 23 51 21 4 8 26 58
88 13 73 3 49 9 13 7 20 4 15 10 8 17 15 31 12 70 10 3 26 20 29 29 4 15 24
29 14 28 6 37 6 46 19 43 25 31 12 1 26 17 8 89 8 3 13 32 23 2 14 25 66 19
7 20 77 19 12 34 10 73 20 8 40 30 12 17 33 16 13 15 6 85 39 51 8 28 18 8 25
3 20 23 23 5 11 16 8 25 18 27 38 17 8 15 15 26 46 34 29 24 7 27 1 7 15 41
4 41 19 18 22 18 82 12 35 23 12 23 10 17 6 12 39 4 15 82 6 27 7 28 22 16 5
11 22 13 18 56 21 12 6 11 29 4 89 56 20 5 12 13 35 44 23 9 12 2 31 12 9 12
14 13 16 89 24 12 19 30 8 18 10 21 36 33 29 3 38 40 7 89 16 16 66 27 22 9 11
24 3 10 10 9 83 50 1 4 18 30 3 20 24 26 25 13 88 15 25 30 15 27 13 20 26 12
78 51 7 19 9 27 24 9 8 45 11 30 20 5 46 30 16 16 19 36 30 13 94 2 18 13 61
48 3 62 2 35 11 21 19 2 3 38 18 12 22 26 22 49 15 32 59 6 8 22 20 28 40 30
17 16 51 22 21 78 25 62 8 8 38 10 20 8 19 3 12 22 30 31 56 3 10 6 21 9 1
27 43 21 13 7 35 17 42 86 12 20 19 32 22 7 69 24 27 1 32 20 11 42 14 14 19 13
35 20 15 10 20 52 3 28 14 15 9 3 38 14 17 21 24 86 8 30 21 35 21 13 70 4 23
4 18 24 32 12 4 9 73 21 8 14 21 11 51 2 21 25 62 14 24 15 22 2 27 65 34 25
5 5 4 12 9 25 15 57 36 25 8 17 2 26 4 10 10 17 25 30 28 15 7 36 81 23 6
60 23 24 15 3 7 29 17 23 70 15 17 13 7 16 24 40 12 28 28 28 28 6 27 23 24 30
17 90 4 12 10 8 17 9 60 5 27 61 7 25 25 38 5 6 48 40 7 6 2 4 22 37 4
51 33 12 16 63 21 9 7 21 16 8 42 2 48 27 17 21 17 22 11 11 11 22 6 13 60 19
20 20 23 17 3 23 18 23 20 39 28 17 40 19 37 14 40 24 12 24 40 13 37 41 33 5 38
8 12 9 22 11 3 11 15 90 13 10 19 74 25 47 58 26 21 1 25 46 29 20 3 56 10 1
12 1 2 79 35 11 13 14 24 30 27 2 34 17 99 19 2 66 20 34 35 28 10 49 45 23 24
24 65 23 25 4 12 70 30 4 70 51 25 13 38 7 10 14 53 18 19 23 18 73 5 4 4 22
26 10 24 15 30 87 15 36 36 37 1 14 16 10 18 38 25 78 16 10 1 19 6 15 79 22 64
17 21 17 19 36 8 15 7 19 12 21 12 5 26 88 19 27 1 12 2 28 18 17 20 10 5 52
27 82 13 33 60 24 51 75 20 12 12 8 16 22 6 16 72 29 3 12 3 26 10 36 6 12 30
47 59 27 27 12 92 92 5 22 14 30 7 15 23 12 21 28 30 18 37 2 11 54 60 53 34 20
54 21 10 5 10 17 6 4 8 25 9 4 35 9 38 6 64 32 6 26 26 21 18 43 90 36 21
33 15 16 38 20 75 23 22 36 71 16 24 21 31 15 2 7 14 7 19 56 26 44 12 29 7 3
40 26 19 5 18 30 20 4 2 26 16 14 5 21 6 30 10 10 36 2 33 4 4 47 5 15 1
24 25 2 27 36 15 22 28 24 55 17 15 23 63 10 32 50 22 30 6 17 8 18 33 4 25 15
11 25 13 3 21 7 36 25 27 33 12 4 26 69 87 5 28 15 19 29 70 22 8 11 5 22 4
46 42 2 34 10 31 51 13 24 67 87 26 1 35 10 36 24 25 14 2 25 2 7 30 81 67 6
8 32 24 8 17 7 26 14 23 11 28 8 24 25 26 46 70 10 16 25 28 8 30 57 66 9 11
39 11 72 60 27 4 23 18 13 3 36 14 7 3 5 2 39 37 5 89 25 31 28 7 15 2 2
83 24 22 38 77 18 21 18 60 22 31 28 20 22 2 15 4 19 82 4 1 10 20 23 14 46 40
48 26 40 17 32 30 22 23 74 51 28 2 16 74 28 27 7 6 54 30 9 60 10 37 27 13 10
14 6 70 38 4 17 24 64 30 36 33 24 12 38 3 18 56 3 5 21 9 63 3 15 5 28 19
7 11 65 60 10 12 44 22 24 30 20 22 3 87 11 29 11 5 25 41 20 21 21 17 3 27 13
21 25 22 5 25 27 3 22 24 15 21 6 23 70 1 19 4 7 46 24 25 20 23 26 4 18 22
17 17 21 29 20 11 36 19 30 23 2 32 30 11 30 1 9 14 6 25 29 77 61 15 21 3 8
3 2 13 2 27 12 37 20 6 8 30 14 42 22 47 59 15 31 13 18 9 20 39 23 26 90 24
17 3 17 11 37 3 9 77 7 9 11 7 11 21 25 8 30 20 30 2 3 14 18 27 22 70 26
15 13 37 60 6 25 6 14 28 16 13 11 21 6 15 39 86 25 13 20 12 72 22 22 17 4 4
10 4 26 11 19 28 85 35 88 30 15 15 82 8 6 49 12 23 1 29 8 38 30 62 14 30 13
19 32 49 20 7 23 71 20 3 17 37 18 41 5 6 38 65 15 67 15 21 11 73 6 2 1 17
38 22 19 28 23 86 82 26 6 2 16 13 29 7 9 20 20 74 3 21 15 21 2 36 30 25 16
12 16 4 15 11 19 11 46 21 21 1 29 76 15 84 69 3 11 1 10 18 61 9 73 28 19 16
29 7 14 12 26 29 9 30 9 21 21 17 30 14 5 3 24 11 30 9 5 25 69 77 23 26 27
25 29 23 61 30 27 16 19 10 5 21 11 40 2 22 35 6 29 12 24 29 13 5 21 1 32 73
16 28 24 8 19 30 68 16 7 4 13 14 29 23 32 9 25 23 7 87 28 2 13 43 4 4 20
16 15 56 36 23 9 30 19 9 30 7 28 68 57 39 8 10 2 69 34 82 12 33 15 15 49 19
17 18 28 4 1 72 73 32 50 86 16 12 32 29 37 17 3 26 23 1 18 29 27 18 9 4 7
14 2 21 8 26 30 10 2 17 13 22 51 73 8 54 28 10 2 38 11 19 15 11 26 40 15 81
26 22 26 32 12 41 8 20 12 68 33 11 53 23 22 21 22 21 70 26 16 3 2 32 2 12 15
20 51 10 28 1 29 10 10 21 35 60 28 25 22 15 13 15 14 60 24 10 22 3 54 23 23 21
15 16 11 10 6 24 94 17 14 10 17 22 4 1 40 14 5 2 28 27 17 2 33 26 52 16 20
3 16 10 30 30 22 1 33 6 85 6 21 19 6 32 20 22 9 25 5 3 15 23 20 6 12 69
3 4 20 10 77 21 37 6 29 11 15 23 91 8 87 26 10 4 32 27 13 6 11 22 2 20 60
1 9 12 100 6 32 16 19 37 84 59 12 48 1 2 3 30 10 31 55 31 19 3 9 20 10 49
18 38 23 16 31 13 29 11 35 26 76 13 9 13 11 4 60 3 8 25 28 10 15 8 14 3 23
17 3 12 36 8 6 17 78 10 27 12 8 46 30 21 78 17 5 70 5 22 67 73 20 66 5 32
30 30 29 58 21 2 7 72 14 30 11 30 10 13 18 86 12 30 22 72 69 32 30 10 24 21 21
9 28 15 14 80 18 1 27 5 6 76 68 5 25 28 6 20 4 8 23 29 20 21 18 17 4 10
11 15 14 5 13 18 3 24 8 30 1 30 4 5 72 17 19 38 53 13 26 3 2 34 39 18 27
30 25 26 27 59 28 8 30 29 74 11 87 24 25 39 20 30 33 44 21 64 14 2 11 23 10 20
5 19 80 23 22 34 2 30 17 8 12 11 27 32 43 34 73 2 23 57 21 1 17 69 17 11 21
9 20 29 10 4 67 42 40 27 31 38 20 8 29 1 7 33 18 16 28 4 8 11 10 31 21 30
29 31 13 55 4 14 18 7 21 37 30 46 59 27 22 3 12 21 23 27 15 3 17 90 15 11 65
20 30 16 24 15 2 9 19 83 90 15 25 27 24 10 29 66 19 26 14 9 29 41 13 17 32 19
21 20 76 22 5 1 24 10 10 16 15 2 12 13 69 29 70 1 19 32 5 64 30 29 27 25 24
60 3 38 2 11 6 21 15 9 11 31 14 20 4 15 31 37 3 42 90 10 74 21 3 28 3 21
7 3 90 88 24 13 32 25 29 5 3 11 17 19 20 27 24 79 26 22 12 26 1 23 25 1 9
20 24 15 20 23 66 25 14 9 3 5 17 25 81 16 7 36 34 34 4 12 25 19 22 16 18 39
23 49 8 12 10 4 25 18 9 12 34 3 16 84 41 30 31 3 32 16 11 30 9 5 30 40 2
27 4 82 8 84 18 25 13 17 24 30 6 75 33 23 26 27 24 8 27 16 43 30 16 41 3 22
11 28 15 8 8 11 17 33 35 16 28 12 12 4 17 19 24 21 2 13 23 28 23 10 9 16 7
7 17 16 10 24 5 22 15 12 26 14 17 15 17 27 26 12 32 25 32 33 4 4 61 17 28 26
