35 343
0.78
0.64
0.13
0.46
0.89
0.82
0.13
0.46
0.64
0.98
0.43
0.04
0.83
0.15
0.82
0.96
0.82
0.44
0.12
0.77
0.41
0.81
0.96
0.74
0.93
0.54
0.14
0.86
0.22
0.63
0.03
0.28
0.6
0.53
0.18
0 33
0 31
0 20
0 26
0 24
0 4
0 10
0 19
0 3
0 7
0 13
0 6
0 1
0 15
0 27
0 23
0 11
0 28
0 8
0 14
1 33
1 28
1 14
1 22
1 27
1 34
1 25
1 17
1 6
1 24
1 15
1 26
1 21
1 30
1 10
1 7
1 11
1 4
1 3
2 8
2 11
2 17
2 25
2 28
2 5
2 24
2 6
2 15
2 7
2 14
2 3
2 30
2 13
2 9
2 31
2 21
2 29
2 32
3 29
3 19
3 17
3 10
3 25
3 20
3 9
3 15
3 34
3 24
3 23
3 21
3 14
3 27
3 5
3 11
3 26
3 13
4 33
4 18
4 24
4 31
4 25
4 23
4 17
4 13
4 16
4 7
4 34
4 26
4 28
4 22
4 8
4 32
4 20
4 27
5 20
5 30
5 31
5 29
5 7
5 33
5 17
5 32
5 10
5 8
5 28
5 13
5 26
5 14
5 25
5 27
5 24
6 29
6 19
6 8
6 10
6 7
6 9
6 11
6 25
6 34
6 24
6 17
6 13
6 22
6 20
6 31
6 28
7 34
7 28
7 12
7 21
7 15
7 16
7 29
7 33
7 25
7 22
7 18
7 19
7 30
7 24
7 11
7 17
8 13
8 31
8 14
8 17
8 25
8 23
8 16
8 34
8 12
8 33
8 15
8 27
8 21
8 29
8 22
9 18
9 26
9 31
9 19
9 15
9 24
9 23
9 33
9 29
9 32
9 22
9 17
9 27
9 28
9 25
10 29
10 23
10 31
10 22
10 27
10 16
10 17
10 11
10 20
10 33
10 26
10 34
10 19
10 15
11 14
11 31
11 20
11 22
11 33
11 18
11 32
11 26
11 34
11 30
11 16
11 25
11 12
12 20
12 24
12 14
12 19
12 27
12 31
12 33
12 18
12 17
12 32
12 28
12 13
12 23
13 30
13 32
13 29
13 16
13 33
13 19
13 18
13 21
13 15
13 20
13 31
13 27
14 25
14 23
14 18
14 28
14 26
14 34
14 24
14 33
14 27
14 15
14 30
14 17
15 20
15 33
15 24
15 29
15 18
15 23
15 19
15 34
15 28
15 30
15 16
16 28
16 25
16 34
16 27
16 32
16 22
16 24
16 29
16 26
16 21
17 26
17 28
17 31
17 29
17 25
17 27
17 19
17 24
17 21
17 20
18 23
18 20
18 29
18 28
18 31
18 19
18 22
18 26
18 27
19 20
19 30
19 33
19 26
19 31
19 24
19 23
19 29
19 22
20 25
20 29
20 32
20 27
20 22
20 23
20 28
20 31
21 29
21 34
21 27
21 25
21 24
21 31
21 33
22 30
22 23
22 34
22 26
22 24
22 32
22 31
23 30
23 28
23 29
23 32
23 34
23 33
24 30
24 32
24 28
24 27
24 34
24 33
25 34
25 26
25 31
25 33
25 29
26 31
26 28
26 34
26 30
27 34
27 32
27 33
27 29
28 29
28 31
28 33
29 30
29 34
29 33
30 34
30 33
31 34
32 33
